36 49 19
4 36 11 4
4 37 11 1
5 35 9 4
5 35 10 1
5 35 11 1
5 36 8 1
5 36 9 1
5 36 10 1
5 36 11 0
5 36 12 1
5 37 8 1
5 37 9 4
5 37 10 1
5 37 11 1
5 38 8 1
5 38 9 1
5 38 10 4
5 38 11 1
6 34 8 1
6 34 9 1
6 34 10 1
6 34 11 1
6 35 8 1
6 35 9 0
6 35 10 0
6 35 11 1
6 36 7 1
6 36 8 0
6 36 9 0
6 36 10 0
6 36 11 0
6 36 12 4
6 37 7 1
6 37 8 0
6 37 9 0
6 37 10 0
6 37 11 0
6 37 12 1
6 38 8 1
6 38 9 0
6 38 10 0
6 38 11 1
6 39 7 1
6 39 8 1
6 39 9 1
6 39 10 4
6 40 7 1
7 32 14 4
7 33 7 4
7 33 8 1
7 33 9 1
7 33 10 1
7 33 11 1
7 34 6 1
7 34 7 1
7 34 8 0
7 34 9 0
7 34 10 0
7 34 11 1
7 35 7 1
7 35 8 0
7 35 9 0
7 35 10 0
7 35 11 1
7 36 7 1
7 36 8 0
7 36 9 0
7 36 10 0
7 36 11 0
7 36 12 1
7 37 7 1
7 37 8 0
7 37 9 0
7 37 10 0
7 37 11 0
7 37 12 1
7 38 7 1
7 38 8 0
7 38 9 0
7 38 10 0
7 38 11 1
7 39 7 1
7 39 8 1
7 39 9 0
7 39 10 1
7 39 11 1
7 40 7 1
7 40 9 1
8 31 14 4
8 32 13 4
8 32 14 4
8 33 7 4
8 33 8 1
8 33 9 1
8 33 10 1
8 33 11 4
8 33 14 1
8 34 6 1
8 34 7 0
8 34 8 0
8 34 9 0
8 34 10 0
8 34 11 1
8 34 14 4
8 35 6 1
8 35 7 0
8 35 8 0
8 35 9 0
8 35 10 0
8 35 11 0
8 35 12 1
8 36 6 1
8 36 7 0
8 36 8 0
8 36 9 0
8 36 10 0
8 36 11 0
8 36 12 1
8 37 6 1
8 37 7 0
8 37 8 0
8 37 9 0
8 37 10 0
8 37 11 0
8 37 12 1
8 38 7 1
8 38 8 0
8 38 9 0
8 38 10 0
8 38 11 1
8 39 7 1
8 39 8 0
8 39 9 0
8 39 10 0
8 39 11 1
8 40 8 1
8 40 9 1
8 40 10 4
9 31 14 4
9 32 10 1
9 32 13 4
9 32 14 4
9 33 8 1
9 33 9 1
9 33 10 0
9 33 11 4
9 33 13 4
9 33 14 4
9 34 7 4
9 34 8 0
9 34 9 0
9 34 10 0
9 34 11 4
9 34 14 4
9 35 6 1
9 35 7 0
9 35 8 0
9 35 9 0
9 35 10 0
9 35 11 0
9 35 12 4
9 36 5 1
9 36 6 0
9 36 7 0
9 36 8 0
9 36 9 0
9 36 10 0
9 36 11 0
9 36 12 1
9 37 6 1
9 37 7 0
9 37 8 0
9 37 9 0
9 37 10 0
9 37 11 0
9 37 12 1
9 38 6 1
9 38 7 0
9 38 8 0
9 38 9 0
9 38 10 0
9 38 11 1
9 39 7 1
9 39 8 0
9 39 9 0
9 39 10 0
9 39 11 1
9 40 8 1
9 40 9 1
9 40 10 4
10 32 9 1
10 32 10 4
10 32 12 4
10 32 13 4
10 32 14 4
10 33 8 4
10 33 9 0
10 33 10 0
10 33 11 4
10 33 12 4
10 33 13 0
10 33 14 4
10 34 6 1
10 34 7 4
10 34 8 0
10 34 9 0
10 34 10 0
10 34 11 0
10 34 12 4
10 34 13 4
10 34 14 4
10 35 6 4
10 35 7 0
10 35 8 0
10 35 9 0
10 35 10 0
10 35 11 0
10 35 12 4
10 36 5 1
10 36 6 0
10 36 7 0
10 36 8 0
10 36 9 0
10 36 10 0
10 36 11 0
10 36 12 1
10 37 6 1
10 37 7 0
10 37 8 0
10 37 9 0
10 37 10 0
10 37 11 0
10 37 12 1
10 38 6 1
10 38 7 0
10 38 8 0
10 38 9 0
10 38 10 0
10 38 11 0
10 38 12 1
10 39 7 1
10 39 8 0
10 39 9 0
10 39 10 0
10 39 11 1
10 40 8 1
10 40 9 1
10 40 10 4
11 32 8 1
11 32 9 4
11 32 10 4
11 32 11 4
11 32 12 4
11 32 13 4
11 32 14 4
11 33 7 1
11 33 8 0
11 33 9 0
11 33 10 0
11 33 11 0
11 33 12 0
11 33 13 0
11 33 14 1
11 34 6 4
11 34 7 0
11 34 8 0
11 34 9 0
11 34 10 0
11 34 11 0
11 34 12 0
11 34 13 0
11 34 14 1
11 35 5 1
11 35 6 0
11 35 7 0
11 35 8 0
11 35 9 0
11 35 10 0
11 35 11 0
11 35 12 0
11 35 13 4
11 35 14 4
11 36 5 1
11 36 6 0
11 36 7 0
11 36 8 0
11 36 9 0
11 36 10 0
11 36 11 0
11 36 12 0
11 36 13 4
11 37 5 1
11 37 6 0
11 37 7 0
11 37 8 0
11 37 9 0
11 37 10 0
11 37 11 0
11 37 12 0
11 37 13 4
11 38 6 4
11 38 7 0
11 38 8 0
11 38 9 0
11 38 10 0
11 38 11 0
11 38 12 1
11 39 6 1
11 39 7 0
11 39 8 0
11 39 9 0
11 39 10 0
11 39 11 1
11 40 7 4
11 40 8 1
11 40 9 1
11 40 10 4
12 31 12 4
12 32 8 4
12 32 9 4
12 32 10 4
12 32 11 4
12 32 12 0
12 32 13 4
12 32 14 4
12 33 7 4
12 33 8 0
12 33 9 0
12 33 10 0
12 33 11 0
12 33 12 0
12 33 13 0
12 33 14 4
12 34 5 4
12 34 6 1
12 34 7 0
12 34 8 0
12 34 9 0
12 34 10 0
12 34 11 0
12 34 12 0
12 34 13 0
12 34 14 4
12 35 5 1
12 35 6 0
12 35 7 0
12 35 8 0
12 35 9 0
12 35 10 0
12 35 11 0
12 35 12 0
12 35 13 0
12 35 14 4
12 36 5 4
12 36 6 0
12 36 7 0
12 36 8 0
12 36 9 0
12 36 10 0
12 36 11 0
12 36 12 0
12 36 13 4
12 37 5 1
12 37 6 0
12 37 7 0
12 37 8 0
12 37 9 0
12 37 10 0
12 37 11 0
12 37 12 0
12 37 13 4
12 38 5 1
12 38 6 0
12 38 7 0
12 38 8 0
12 38 9 0
12 38 10 0
12 38 11 0
12 38 12 1
12 39 6 1
12 39 7 0
12 39 8 0
12 39 9 0
12 39 10 0
12 39 11 0
12 39 12 1
12 40 7 4
12 40 8 1
12 40 9 0
12 40 10 4
12 40 11 4
12 41 9 1
13 32 8 4
13 32 9 1
13 32 10 4
13 32 11 4
13 32 12 4
13 32 13 4
13 33 7 1
13 33 8 0
13 33 9 0
13 33 10 0
13 33 11 0
13 33 12 0
13 33 13 1
13 34 5 4
13 34 6 4
13 34 7 0
13 34 8 0
13 34 9 0
13 34 10 0
13 34 11 0
13 34 12 0
13 34 13 4
13 35 5 4
13 35 6 0
13 35 7 0
13 35 8 0
13 35 9 0
13 35 10 0
13 35 11 0
13 35 12 0
13 35 13 4
13 36 4 4
13 36 5 0
13 36 6 0
13 36 7 0
13 36 8 0
13 36 9 0
13 36 10 0
13 36 11 0
13 36 12 0
13 36 13 4
13 37 5 4
13 37 6 0
13 37 7 0
13 37 8 0
13 37 9 0
13 37 10 0
13 37 11 0
13 37 12 0
13 37 13 4
13 38 5 4
13 38 6 0
13 38 7 0
13 38 8 0
13 38 9 0
13 38 10 0
13 38 11 0
13 38 12 0
13 38 13 4
13 39 6 4
13 39 7 0
13 39 8 0
13 39 9 0
13 39 10 0
13 39 11 0
13 39 12 4
13 40 7 1
13 40 8 0
13 40 9 0
13 40 10 0
13 40 11 0
13 40 12 4
13 41 8 4
13 41 9 4
13 41 10 4
13 41 11 4
14 32 8 4
14 32 9 4
14 32 10 4
14 32 11 4
14 32 12 4
14 32 13 4
14 33 6 4
14 33 7 1
14 33 8 0
14 33 9 0
14 33 10 0
14 33 11 0
14 33 12 0
14 33 13 4
14 34 5 1
14 34 6 0
14 34 7 0
14 34 8 0
14 34 9 0
14 34 10 0
14 34 11 0
14 34 12 0
14 34 13 4
14 35 5 1
14 35 6 0
14 35 7 0
14 35 8 0
14 35 9 0
14 35 10 0
14 35 11 0
14 35 12 0
14 35 13 1
14 36 4 1
14 36 5 0
14 36 6 0
14 36 7 0
14 36 8 0
14 36 9 0
14 36 10 0
14 36 11 0
14 36 12 0
14 36 13 1
14 37 5 1
14 37 6 0
14 37 7 0
14 37 8 0
14 37 9 0
14 37 10 0
14 37 11 0
14 37 12 0
14 37 13 1
14 38 5 4
14 38 6 0
14 38 7 0
14 38 8 0
14 38 9 0
14 38 10 0
14 38 11 0
14 38 12 0
14 38 13 4
14 39 6 4
14 39 7 0
14 39 8 0
14 39 9 0
14 39 10 0
14 39 11 0
14 39 12 0
14 39 13 4
14 40 6 4
14 40 7 4
14 40 8 0
14 40 9 0
14 40 10 0
14 40 11 0
14 40 12 0
14 40 13 4
14 41 8 4
14 41 9 4
14 41 10 4
14 41 11 0
14 41 12 4
14 41 13 1
14 41 14 4
14 42 11 4
14 42 12 4
14 42 13 4
14 42 14 4
14 43 14 4
15 32 8 1
15 32 9 1
15 32 10 1
15 32 11 4
15 32 12 4
15 33 6 1
15 33 7 1
15 33 8 0
15 33 9 0
15 33 10 0
15 33 11 0
15 33 12 4
15 34 6 4
15 34 7 0
15 34 8 0
15 34 9 0
15 34 10 0
15 34 11 0
15 34 12 4
15 35 5 4
15 35 6 0
15 35 7 0
15 35 8 0
15 35 9 0
15 35 10 0
15 35 11 0
15 35 12 4
15 36 4 1
15 36 5 0
15 36 6 0
15 36 7 0
15 36 8 0
15 36 9 0
15 36 10 0
15 36 11 0
15 36 12 0
15 36 13 4
15 37 5 4
15 37 6 0
15 37 7 0
15 37 8 0
15 37 9 0
15 37 10 0
15 37 11 0
15 37 12 0
15 37 13 4
15 38 5 1
15 38 6 0
15 38 7 0
15 38 8 0
15 38 9 0
15 38 10 0
15 38 11 0
15 38 12 0
15 38 13 1
15 39 5 1
15 39 6 0
15 39 7 0
15 39 8 0
15 39 9 0
15 39 10 0
15 39 11 0
15 39 12 0
15 39 13 1
15 40 6 4
15 40 7 0
15 40 8 0
15 40 9 0
15 40 10 0
15 40 11 0
15 40 12 0
15 40 13 0
15 40 14 4
15 41 7 1
15 41 8 4
15 41 9 4
15 41 10 0
15 41 11 0
15 41 12 0
15 41 13 0
15 41 14 4
15 42 10 4
15 42 11 4
15 42 12 0
15 42 13 0
15 42 14 4
15 43 12 4
15 43 13 4
15 43 14 4
16 32 8 1
16 32 9 1
16 32 10 1
16 32 11 4
16 33 6 1
16 33 7 1
16 33 8 0
16 33 9 0
16 33 10 0
16 33 11 1
16 34 6 1
16 34 7 0
16 34 8 0
16 34 9 0
16 34 10 0
16 34 11 0
16 34 12 1
16 35 5 1
16 35 6 0
16 35 7 0
16 35 8 0
16 35 9 0
16 35 10 0
16 35 11 0
16 35 12 0
16 35 13 4
16 36 4 1
16 36 5 0
16 36 6 0
16 36 7 0
16 36 8 0
16 36 9 0
16 36 10 0
16 36 11 0
16 36 12 0
16 36 13 1
16 37 4 1
16 37 5 0
16 37 6 0
16 37 7 0
16 37 8 0
16 37 9 0
16 37 10 0
16 37 11 0
16 37 12 0
16 37 13 1
16 38 5 1
16 38 6 0
16 38 7 0
16 38 8 0
16 38 9 0
16 38 10 0
16 38 11 0
16 38 12 0
16 38 13 0
16 38 14 1
16 39 5 1
16 39 6 0
16 39 7 0
16 39 8 0
16 39 9 0
16 39 10 0
16 39 11 0
16 39 12 0
16 39 13 0
16 39 14 1
16 40 6 1
16 40 7 0
16 40 8 0
16 40 9 0
16 40 10 0
16 40 11 0
16 40 12 0
16 40 13 0
16 40 14 4
16 41 7 1
16 41 8 4
16 41 9 0
16 41 10 0
16 41 11 0
16 41 12 0
16 41 13 0
16 41 14 4
16 42 9 4
16 42 10 4
16 42 11 4
16 42 12 0
16 42 13 0
16 42 14 4
16 43 12 4
16 43 13 4
16 43 14 1
17 32 7 1
17 32 8 1
17 32 9 1
17 32 10 1
17 32 11 1
17 33 6 1
17 33 7 0
17 33 8 0
17 33 9 0
17 33 10 0
17 33 11 1
17 34 6 1
17 34 7 0
17 34 8 0
17 34 9 0
17 34 10 0
17 34 11 0
17 34 12 1
17 35 5 1
17 35 6 0
17 35 7 0
17 35 8 0
17 35 9 0
17 35 10 0
17 35 11 0
17 35 12 0
17 35 13 1
17 36 4 1
17 36 5 0
17 36 6 0
17 36 7 0
17 36 8 0
17 36 9 0
17 36 10 0
17 36 11 0
17 36 12 0
17 36 13 1
17 37 4 1
17 37 5 0
17 37 6 0
17 37 7 0
17 37 8 0
17 37 9 0
17 37 10 0
17 37 11 0
17 37 12 0
17 37 13 1
17 38 5 1
17 38 6 0
17 38 7 0
17 38 8 0
17 38 9 0
17 38 10 0
17 38 11 0
17 38 12 0
17 38 13 0
17 38 14 4
17 39 5 1
17 39 6 0
17 39 7 0
17 39 8 0
17 39 9 0
17 39 10 0
17 39 11 0
17 39 12 0
17 39 13 0
17 39 14 4
17 40 6 1
17 40 7 0
17 40 8 0
17 40 9 0
17 40 10 0
17 40 11 0
17 40 12 0
17 40 13 0
17 40 14 1
17 41 7 1
17 41 8 1
17 41 9 0
17 41 10 0
17 41 11 0
17 41 12 0
17 41 13 0
17 41 14 4
17 42 9 1
17 42 10 4
17 42 11 4
17 42 12 0
17 42 13 0
17 42 14 4
17 43 12 4
17 43 13 4
17 43 14 1
18 32 7 1
18 32 8 1
18 32 9 1
18 32 10 1
18 32 11 1
18 33 6 1
18 33 7 0
18 33 8 0
18 33 9 0
18 33 10 0
18 33 11 1
18 34 6 1
18 34 7 0
18 34 8 0
18 34 9 0
18 34 10 0
18 34 11 0
18 34 12 1
18 35 5 1
18 35 6 0
18 35 7 0
18 35 8 0
18 35 9 0
18 35 10 0
18 35 11 0
18 35 12 0
18 35 13 1
18 36 4 1
18 36 5 0
18 36 6 0
18 36 7 0
18 36 8 0
18 36 9 0
18 36 10 0
18 36 11 0
18 36 12 0
18 36 13 1
18 37 4 1
18 37 5 0
18 37 6 0
18 37 7 0
18 37 8 0
18 37 9 0
18 37 10 0
18 37 11 0
18 37 12 0
18 37 13 1
18 38 5 1
18 38 6 0
18 38 7 0
18 38 8 0
18 38 9 0
18 38 10 0
18 38 11 0
18 38 12 0
18 38 13 0
18 38 14 4
18 39 5 1
18 39 6 0
18 39 7 0
18 39 8 0
18 39 9 0
18 39 10 0
18 39 11 0
18 39 12 0
18 39 13 1
18 40 6 1
18 40 7 0
18 40 8 0
18 40 9 0
18 40 10 0
18 40 11 0
18 40 12 0
18 40 13 1
18 41 7 1
18 41 8 0
18 41 9 0
18 41 10 0
18 41 11 0
18 41 12 0
18 41 13 1
18 41 14 1
18 42 8 1
18 42 9 1
18 42 10 4
18 42 11 4
18 42 12 4
18 42 13 1
18 42 14 4
19 32 7 1
19 32 8 1
19 32 9 1
19 32 10 1
19 32 11 1
19 33 6 1
19 33 7 0
19 33 8 0
19 33 9 0
19 33 10 0
19 33 11 1
19 34 6 1
19 34 7 0
19 34 8 0
19 34 9 0
19 34 10 0
19 34 11 0
19 34 12 1
19 35 5 1
19 35 6 0
19 35 7 0
19 35 8 0
19 35 9 0
19 35 10 0
19 35 11 0
19 35 12 0
19 35 13 1
19 36 4 1
19 36 5 0
19 36 6 0
19 36 7 0
19 36 8 0
19 36 9 0
19 36 10 0
19 36 11 0
19 36 12 0
19 36 13 1
19 37 4 1
19 37 5 0
19 37 6 0
19 37 7 0
19 37 8 0
19 37 9 0
19 37 10 0
19 37 11 0
19 37 12 0
19 37 13 1
19 38 5 1
19 38 6 0
19 38 7 0
19 38 8 0
19 38 9 0
19 38 10 0
19 38 11 0
19 38 12 0
19 38 13 1
19 39 5 1
19 39 6 0
19 39 7 0
19 39 8 0
19 39 9 0
19 39 10 0
19 39 11 0
19 39 12 0
19 39 13 1
19 40 6 1
19 40 7 0
19 40 8 0
19 40 9 0
19 40 10 0
19 40 11 0
19 40 12 0
19 40 13 1
19 41 7 1
19 41 8 0
19 41 9 0
19 41 10 0
19 41 11 0
19 41 12 1
19 42 8 1
19 42 9 1
19 42 10 4
19 42 11 4
19 42 12 4
20 32 7 1
20 32 8 1
20 32 9 1
20 32 10 4
20 33 7 4
20 33 8 0
20 33 9 0
20 33 10 0
20 33 11 4
20 34 6 4
20 34 7 0
20 34 8 0
20 34 9 0
20 34 10 0
20 34 11 0
20 34 12 1
20 35 5 1
20 35 6 0
20 35 7 0
20 35 8 0
20 35 9 0
20 35 10 0
20 35 11 0
20 35 12 1
20 36 4 1
20 36 5 0
20 36 6 0
20 36 7 0
20 36 8 0
20 36 9 0
20 36 10 0
20 36 11 0
20 36 12 0
20 36 13 1
20 37 4 1
20 37 5 0
20 37 6 0
20 37 7 0
20 37 8 0
20 37 9 0
20 37 10 0
20 37 11 0
20 37 12 0
20 37 13 1
20 38 5 1
20 38 6 0
20 38 7 0
20 38 8 0
20 38 9 0
20 38 10 0
20 38 11 0
20 38 12 0
20 38 13 1
20 39 5 1
20 39 6 0
20 39 7 0
20 39 8 0
20 39 9 0
20 39 10 0
20 39 11 0
20 39 12 0
20 39 13 1
20 40 6 1
20 40 7 0
20 40 8 0
20 40 9 0
20 40 10 0
20 40 11 0
20 40 12 1
20 41 7 1
20 41 8 0
20 41 9 0
20 41 10 0
20 41 11 0
20 41 12 1
20 41 14 4
20 42 8 1
20 42 9 1
20 42 10 1
20 42 11 4
20 42 12 4
20 42 14 4
20 43 14 1
21 32 8 1
21 32 9 1
21 32 10 1
21 33 7 1
21 33 8 0
21 33 9 0
21 33 10 0
21 33 11 1
21 34 6 1
21 34 7 0
21 34 8 0
21 34 9 0
21 34 10 0
21 34 11 0
21 34 12 1
21 35 5 1
21 35 6 0
21 35 7 0
21 35 8 0
21 35 9 0
21 35 10 0
21 35 11 0
21 35 12 1
21 36 4 1
21 36 5 0
21 36 6 0
21 36 7 0
21 36 8 0
21 36 9 0
21 36 10 0
21 36 11 0
21 36 12 0
21 36 13 1
21 37 4 1
21 37 5 0
21 37 6 0
21 37 7 0
21 37 8 0
21 37 9 0
21 37 10 0
21 37 11 0
21 37 12 0
21 37 13 1
21 38 5 1
21 38 6 0
21 38 7 0
21 38 8 0
21 38 9 0
21 38 10 0
21 38 11 0
21 38 12 0
21 38 13 1
21 39 5 1
21 39 6 0
21 39 7 0
21 39 8 0
21 39 9 0
21 39 10 0
21 39 11 0
21 39 12 0
21 39 13 1
21 40 6 1
21 40 7 0
21 40 8 0
21 40 9 0
21 40 10 0
21 40 11 0
21 40 12 0
21 40 13 1
21 41 7 1
21 41 8 0
21 41 9 0
21 41 10 0
21 41 11 0
21 41 12 1
21 41 14 4
21 42 8 1
21 42 9 1
21 42 10 1
21 42 11 4
21 42 12 4
21 42 14 4
21 43 14 8
22 32 8 1
22 32 9 1
22 32 10 4
22 33 7 1
22 33 8 0
22 33 9 0
22 33 10 0
22 33 11 1
22 34 6 1
22 34 7 0
22 34 8 0
22 34 9 0
22 34 10 0
22 34 11 0
22 34 12 1
22 35 5 1
22 35 6 0
22 35 7 0
22 35 8 0
22 35 9 0
22 35 10 0
22 35 11 0
22 35 12 1
22 36 4 1
22 36 5 0
22 36 6 0
22 36 7 0
22 36 8 0
22 36 9 0
22 36 10 0
22 36 11 0
22 36 12 0
22 36 13 1
22 37 4 1
22 37 5 0
22 37 6 0
22 37 7 0
22 37 8 0
22 37 9 0
22 37 10 0
22 37 11 0
22 37 12 0
22 37 13 1
22 38 5 1
22 38 6 0
22 38 7 0
22 38 8 0
22 38 9 0
22 38 10 0
22 38 11 0
22 38 12 0
22 38 13 0
22 38 14 4
22 39 5 1
22 39 6 0
22 39 7 0
22 39 8 0
22 39 9 0
22 39 10 0
22 39 11 0
22 39 12 0
22 39 13 1
22 40 6 1
22 40 7 0
22 40 8 0
22 40 9 0
22 40 10 0
22 40 11 0
22 40 12 0
22 40 13 0
22 40 14 4
22 41 7 1
22 41 8 0
22 41 9 0
22 41 10 0
22 41 11 0
22 41 12 0
22 41 13 4
22 41 14 4
22 42 8 1
22 42 9 1
22 42 10 1
22 42 11 4
22 42 12 1
22 42 13 1
22 42 14 1
22 43 13 4
22 43 14 4
23 32 8 1
23 32 9 1
23 32 10 4
23 33 7 1
23 33 8 0
23 33 9 0
23 33 10 0
23 33 11 1
23 34 6 1
23 34 7 0
23 34 8 0
23 34 9 0
23 34 10 0
23 34 11 1
23 35 5 1
23 35 6 0
23 35 7 0
23 35 8 0
23 35 9 0
23 35 10 0
23 35 11 0
23 35 12 1
23 36 4 1
23 36 5 0
23 36 6 0
23 36 7 0
23 36 8 0
23 36 9 0
23 36 10 0
23 36 11 0
23 36 12 0
23 36 13 1
23 37 4 1
23 37 5 0
23 37 6 0
23 37 7 0
23 37 8 0
23 37 9 0
23 37 10 0
23 37 11 0
23 37 12 0
23 37 13 1
23 38 5 1
23 38 6 0
23 38 7 0
23 38 8 0
23 38 9 0
23 38 10 0
23 38 11 0
23 38 12 0
23 38 13 1
23 39 5 1
23 39 6 0
23 39 7 0
23 39 8 0
23 39 9 0
23 39 10 0
23 39 11 0
23 39 12 0
23 39 13 0
23 39 14 4
23 40 6 1
23 40 7 0
23 40 8 0
23 40 9 0
23 40 10 0
23 40 11 0
23 40 12 0
23 40 13 0
23 40 14 4
23 41 7 1
23 41 8 0
23 41 9 0
23 41 10 0
23 41 11 0
23 41 12 0
23 41 13 0
23 41 14 1
23 42 8 1
23 42 9 1
23 42 10 1
23 42 11 1
23 42 12 1
23 42 13 0
23 42 14 4
23 43 13 4
23 43 14 1
24 32 8 1
24 32 9 1
24 32 10 1
24 33 7 1
24 33 8 0
24 33 9 0
24 33 10 0
24 33 11 1
24 34 6 1
24 34 7 0
24 34 8 0
24 34 9 0
24 34 10 0
24 34 11 1
24 35 5 1
24 35 6 0
24 35 7 0
24 35 8 0
24 35 9 0
24 35 10 0
24 35 11 0
24 35 12 1
24 36 5 1
24 36 6 0
24 36 7 0
24 36 8 0
24 36 9 0
24 36 10 0
24 36 11 0
24 36 12 1
24 37 5 1
24 37 6 0
24 37 7 0
24 37 8 0
24 37 9 0
24 37 10 0
24 37 11 0
24 37 12 1
24 38 5 1
24 38 6 0
24 38 7 0
24 38 8 0
24 38 9 0
24 38 10 0
24 38 11 0
24 38 12 0
24 38 13 1
24 39 5 1
24 39 6 0
24 39 7 0
24 39 8 0
24 39 9 0
24 39 10 0
24 39 11 0
24 39 12 0
24 39 13 4
24 40 6 1
24 40 7 0
24 40 8 0
24 40 9 0
24 40 10 0
24 40 11 0
24 40 12 0
24 40 13 0
24 40 14 4
24 41 7 4
24 41 8 0
24 41 9 0
24 41 10 0
24 41 11 0
24 41 12 0
24 41 13 0
24 41 14 4
24 42 8 1
24 42 9 1
24 42 10 1
24 42 11 1
24 42 12 4
24 42 13 4
24 42 14 4
25 32 9 1
25 32 10 1
25 32 11 1
25 33 7 1
25 33 8 1
25 33 9 0
25 33 10 0
25 33 11 0
25 33 12 1
25 34 6 1
25 34 7 0
25 34 8 0
25 34 9 0
25 34 10 0
25 34 11 0
25 34 12 1
25 35 6 1
25 35 7 0
25 35 8 0
25 35 9 0
25 35 10 0
25 35 11 0
25 35 12 1
25 36 5 1
25 36 6 0
25 36 7 0
25 36 8 0
25 36 9 0
25 36 10 0
25 36 11 0
25 36 12 1
25 37 5 1
25 37 6 0
25 37 7 0
25 37 8 0
25 37 9 0
25 37 10 0
25 37 11 0
25 37 12 1
25 38 5 1
25 38 6 0
25 38 7 0
25 38 8 0
25 38 9 0
25 38 10 0
25 38 11 0
25 38 12 1
25 39 6 1
25 39 7 0
25 39 8 0
25 39 9 0
25 39 10 0
25 39 11 0
25 39 12 1
25 40 6 1
25 40 7 0
25 40 8 0
25 40 9 0
25 40 10 0
25 40 11 0
25 40 12 1
25 40 13 4
25 41 7 1
25 41 8 1
25 41 9 1
25 41 10 0
25 41 11 0
25 41 12 1
25 41 13 1
25 42 10 1
25 42 11 4
25 42 12 4
26 32 9 1
26 32 10 1
26 32 11 4
26 33 7 1
26 33 8 1
26 33 9 0
26 33 10 0
26 33 11 0
26 33 12 1
26 34 7 1
26 34 8 0
26 34 9 0
26 34 10 0
26 34 11 0
26 34 12 1
26 35 6 1
26 35 7 0
26 35 8 0
26 35 9 0
26 35 10 0
26 35 11 0
26 35 12 1
26 36 6 1
26 36 7 0
26 36 8 0
26 36 9 0
26 36 10 0
26 36 11 0
26 36 12 1
26 37 6 1
26 37 7 0
26 37 8 0
26 37 9 0
26 37 10 0
26 37 11 1
26 38 6 1
26 38 7 0
26 38 8 0
26 38 9 0
26 38 10 0
26 38 11 1
26 39 6 1
26 39 7 0
26 39 8 0
26 39 9 0
26 39 10 0
26 39 11 1
26 40 7 1
26 40 8 0
26 40 9 0
26 40 10 0
26 40 11 1
26 41 8 1
26 41 9 1
26 41 10 1
26 41 11 1
27 32 10 1
27 33 8 1
27 33 9 1
27 33 10 0
27 33 11 1
27 33 12 4
27 33 13 4
27 33 14 4
27 34 7 1
27 34 8 0
27 34 9 0
27 34 10 0
27 34 11 0
27 34 12 0
27 34 13 4
27 34 14 4
27 35 7 4
27 35 8 0
27 35 9 0
27 35 10 0
27 35 11 0
27 35 12 0
27 35 13 4
27 35 14 4
27 36 6 1
27 36 7 0
27 36 8 0
27 36 9 0
27 36 10 0
27 36 11 0
27 36 12 1
27 37 6 1
27 37 7 0
27 37 8 0
27 37 9 0
27 37 10 0
27 37 11 1
27 38 6 1
27 38 7 0
27 38 8 0
27 38 9 0
27 38 10 0
27 38 11 4
27 39 7 4
27 39 8 0
27 39 9 0
27 39 10 4
27 40 7 1
27 40 8 1
27 40 9 1
27 40 10 1
28 33 8 1
28 33 9 1
28 33 10 1
28 33 11 1
28 33 12 4
28 33 13 4
28 33 14 4
28 34 8 4
28 34 9 0
28 34 10 0
28 34 11 0
28 34 12 0
28 34 13 0
28 34 14 4
28 35 7 1
28 35 8 0
28 35 9 0
28 35 10 0
28 35 11 0
28 35 12 0
28 35 13 0
28 35 14 4
28 36 7 1
28 36 8 0
28 36 9 0
28 36 10 0
28 36 11 0
28 36 12 4
28 36 13 4
28 37 7 1
28 37 8 0
28 37 9 0
28 37 10 1
28 37 11 1
28 38 7 1
28 38 8 0
28 38 9 0
28 38 10 1
28 39 7 1
28 39 8 1
28 39 9 1
28 39 10 1
29 33 10 1
29 33 11 4
29 33 12 4
29 33 13 4
29 33 14 4
29 34 8 1
29 34 9 1
29 34 10 1
29 34 11 4
29 34 12 0
29 34 13 0
29 34 14 4
29 35 8 1
29 35 9 1
29 35 10 1
29 35 11 4
29 35 12 0
29 35 13 0
29 35 14 4
29 36 8 1
29 36 9 1
29 36 10 4
29 36 11 1
29 36 12 4
29 36 13 4
29 36 14 4
29 37 7 1
29 37 8 1
29 37 9 1
29 38 8 1
29 38 9 1
30 33 12 4
30 33 13 4
30 33 14 4
30 34 12 4
30 34 13 4
30 34 14 4
30 35 12 4
30 35 13 4
30 35 14 4
30 36 13 4
30 36 14 1
