57 103 30
15 75 21 5
15 75 22 4
16 72 21 5
16 73 20 7
16 73 21 5
16 73 22 1
16 73 23 4
16 74 20 7
16 74 21 5
16 74 22 1
16 74 23 1
16 75 20 7
16 75 21 0
16 75 22 0
16 75 23 1
16 76 20 5
16 76 21 7
16 76 22 1
16 76 23 1
16 77 20 7
16 77 21 5
16 77 22 4
16 77 23 4
16 78 20 7
16 78 21 5
16 78 22 4
16 78 23 4
16 79 20 7
16 79 21 5
16 79 22 4
16 79 23 1
16 80 20 7
16 80 21 5
16 80 22 1
16 80 23 4
16 81 20 7
16 81 21 5
16 81 22 1
16 81 23 4
16 82 20 7
16 82 21 5
16 82 22 5
16 82 23 5
16 83 20 7
16 83 21 5
16 83 22 5
16 83 23 5
16 84 20 7
16 84 21 5
16 84 22 5
16 85 21 5
17 71 20 7
17 71 21 5
17 71 22 5
17 71 23 5
17 72 20 7
17 72 21 0
17 72 22 5
17 72 23 5
17 72 24 1
17 73 19 7
17 73 20 0
17 73 21 0
17 73 22 0
17 73 23 0
17 73 24 1
17 74 19 7
17 74 20 0
17 74 21 0
17 74 22 0
17 74 23 0
17 74 24 1
17 75 19 7
17 75 20 0
17 75 21 0
17 75 22 0
17 75 23 0
17 75 24 1
17 76 19 7
17 76 20 0
17 76 21 0
17 76 22 0
17 76 23 0
17 76 24 1
17 77 20 1
17 77 21 0
17 77 22 0
17 77 23 0
17 77 24 1
17 78 19 7
17 78 20 0
17 78 21 0
17 78 22 0
17 78 23 0
17 78 24 1
17 79 19 7
17 79 20 0
17 79 21 0
17 79 22 0
17 79 23 7
17 80 19 7
17 80 20 0
17 80 21 0
17 80 22 0
17 80 23 0
17 80 24 1
17 81 19 7
17 81 20 0
17 81 21 0
17 81 22 0
17 81 23 0
17 81 24 1
17 82 19 7
17 82 20 0
17 82 21 0
17 82 22 0
17 82 23 0
17 82 24 1
17 83 19 7
17 83 20 0
17 83 21 0
17 83 22 0
17 83 23 0
17 83 24 1
17 84 19 7
17 84 20 0
17 84 21 0
17 84 22 0
17 84 23 5
17 84 24 1
17 85 19 7
17 85 20 5
17 85 21 0
17 85 22 5
17 85 23 5
17 86 20 7
17 86 21 5
17 86 22 5
18 69 21 5
18 70 20 7
18 70 21 5
18 70 22 5
18 70 23 1
18 71 19 7
18 71 20 0
18 71 21 0
18 71 22 0
18 71 23 0
18 71 24 1
18 72 19 1
18 72 20 0
18 72 21 0
18 72 22 0
18 72 23 0
18 72 24 0
18 72 25 1
18 73 19 1
18 73 20 0
18 73 21 0
18 73 22 0
18 73 23 0
18 73 24 0
18 73 25 1
18 74 18 7
18 74 19 0
18 74 20 0
18 74 21 0
18 74 22 0
18 74 23 0
18 74 24 0
18 74 25 1
18 75 19 1
18 75 20 0
18 75 21 0
18 75 22 0
18 75 23 0
18 75 24 1
18 76 19 7
18 76 20 0
18 76 21 0
18 76 22 0
18 76 23 0
18 76 24 1
18 77 19 7
18 77 20 0
18 77 21 0
18 77 22 0
18 77 23 0
18 77 24 1
18 78 18 7
18 78 19 0
18 78 20 0
18 78 21 0
18 78 22 0
18 78 23 0
18 78 24 1
18 79 18 7
18 79 19 0
18 79 20 0
18 79 21 0
18 79 22 0
18 79 23 0
18 79 24 1
18 80 18 7
18 80 19 0
18 80 20 0
18 80 21 0
18 80 22 0
18 80 23 0
18 80 24 1
18 81 19 1
18 81 20 0
18 81 21 0
18 81 22 0
18 81 23 0
18 81 24 0
18 81 25 1
18 82 18 7
18 82 19 0
18 82 20 0
18 82 21 0
18 82 22 0
18 82 23 0
18 82 24 0
18 82 25 1
18 83 18 7
18 83 19 0
18 83 20 0
18 83 21 0
18 83 22 0
18 83 23 0
18 83 24 0
18 83 25 1
18 84 18 7
18 84 19 0
18 84 20 0
18 84 21 0
18 84 22 0
18 84 23 0
18 84 24 0
18 84 25 1
18 85 18 7
18 85 19 0
18 85 20 0
18 85 21 0
18 85 22 0
18 85 23 0
18 85 24 1
18 86 19 7
18 86 20 0
18 86 21 0
18 86 22 0
18 86 23 5
18 86 24 1
18 87 19 1
18 87 20 5
18 87 21 5
18 87 22 5
18 87 23 5
18 88 19 7
18 88 20 5
18 88 21 5
19 69 20 1
19 69 21 5
19 69 22 5
19 69 23 5
19 69 24 4
19 70 19 7
19 70 20 0
19 70 21 0
19 70 22 0
19 70 23 0
19 70 24 1
19 70 25 1
19 71 18 7
19 71 19 0
19 71 20 0
19 71 21 0
19 71 22 0
19 71 23 0
19 71 24 0
19 71 25 1
19 72 18 7
19 72 19 0
19 72 20 0
19 72 21 0
19 72 22 0
19 72 23 0
19 72 24 0
19 72 25 1
19 73 18 7
19 73 19 0
19 73 20 0
19 73 21 0
19 73 22 0
19 73 23 0
19 73 24 0
19 73 25 1
19 74 18 7
19 74 19 0
19 74 20 0
19 74 21 0
19 74 22 0
19 74 23 0
19 74 24 0
19 74 25 1
19 75 18 7
19 75 19 0
19 75 20 0
19 75 21 0
19 75 22 0
19 75 23 0
19 75 24 0
19 75 25 1
19 76 18 7
19 76 19 0
19 76 20 0
19 76 21 0
19 76 22 0
19 76 23 0
19 76 24 1
19 77 17 7
19 77 18 7
19 77 19 0
19 77 20 0
19 77 21 0
19 77 22 0
19 77 23 0
19 77 24 1
19 78 17 7
19 78 18 0
19 78 19 0
19 78 20 0
19 78 21 0
19 78 22 0
19 78 23 0
19 78 24 1
19 79 17 7
19 79 18 0
19 79 19 0
19 79 20 0
19 79 21 0
19 79 22 0
19 79 23 0
19 79 24 1
19 80 17 7
19 80 18 0
19 80 19 0
19 80 20 0
19 80 21 0
19 80 22 0
19 80 23 0
19 80 24 1
19 81 17 7
19 81 18 7
19 81 19 0
19 81 20 0
19 81 21 0
19 81 22 0
19 81 23 0
19 81 24 0
19 81 25 1
19 82 18 7
19 82 19 0
19 82 20 0
19 82 21 0
19 82 22 0
19 82 23 0
19 82 24 0
19 82 25 1
19 83 18 1
19 83 19 0
19 83 20 0
19 83 21 0
19 83 22 0
19 83 23 0
19 83 24 0
19 83 25 1
19 84 18 1
19 84 19 0
19 84 20 0
19 84 21 0
19 84 22 0
19 84 23 0
19 84 24 0
19 84 25 1
19 85 18 1
19 85 19 0
19 85 20 0
19 85 21 0
19 85 22 0
19 85 23 0
19 85 24 0
19 85 25 1
19 86 18 7
19 86 19 0
19 86 20 0
19 86 21 0
19 86 22 0
19 86 23 0
19 86 24 0
19 86 25 1
19 87 18 7
19 87 19 0
19 87 20 0
19 87 21 0
19 87 22 0
19 87 23 0
19 87 24 1
19 87 25 1
19 88 18 7
19 88 19 0
19 88 20 0
19 88 21 0
19 88 22 5
19 88 23 5
19 88 24 1
19 89 19 7
19 89 20 5
19 89 21 5
19 89 22 7
20 68 20 5
20 68 21 5
20 68 22 5
20 68 23 7
20 68 24 4
20 69 19 7
20 69 20 0
20 69 21 0
20 69 22 0
20 69 23 0
20 69 24 0
20 69 25 1
20 70 18 7
20 70 19 0
20 70 20 0
20 70 21 0
20 70 22 0
20 70 23 0
20 70 24 0
20 70 25 1
20 71 18 1
20 71 19 0
20 71 20 0
20 71 21 0
20 71 22 0
20 71 23 0
20 71 24 0
20 71 25 1
20 72 17 7
20 72 18 0
20 72 19 0
20 72 20 0
20 72 21 0
20 72 22 0
20 72 23 0
20 72 24 0
20 72 25 1
20 73 17 7
20 73 18 0
20 73 19 0
20 73 20 0
20 73 21 0
20 73 22 0
20 73 23 0
20 73 24 0
20 73 25 1
20 74 18 1
20 74 19 0
20 74 20 0
20 74 21 0
20 74 22 0
20 74 23 0
20 74 24 0
20 74 25 1
20 75 17 7
20 75 18 0
20 75 19 0
20 75 20 0
20 75 21 0
20 75 22 0
20 75 23 0
20 75 24 0
20 75 25 1
20 76 17 1
20 76 18 0
20 76 19 0
20 76 20 0
20 76 21 0
20 76 22 0
20 76 23 0
20 76 24 1
20 77 17 1
20 77 18 0
20 77 19 0
20 77 20 0
20 77 21 0
20 77 22 0
20 77 23 0
20 77 24 1
20 78 16 7
20 78 17 0
20 78 18 0
20 78 19 0
20 78 20 0
20 78 21 0
20 78 22 0
20 78 23 0
20 78 24 0
20 78 25 1
20 79 16 7
20 79 17 0
20 79 18 0
20 79 19 0
20 79 20 0
20 79 21 0
20 79 22 0
20 79 23 0
20 79 24 7
20 80 16 7
20 80 17 0
20 80 18 0
20 80 19 0
20 80 20 0
20 80 21 0
20 80 22 0
20 80 23 0
20 80 24 0
20 80 25 1
20 81 16 7
20 81 17 0
20 81 18 0
20 81 19 0
20 81 20 0
20 81 21 0
20 81 22 0
20 81 23 0
20 81 24 0
20 81 25 1
20 82 16 7
20 82 17 7
20 82 18 0
20 82 19 0
20 82 20 0
20 82 21 0
20 82 22 0
20 82 23 0
20 82 24 0
20 82 25 1
20 83 17 7
20 83 18 0
20 83 19 0
20 83 20 0
20 83 21 0
20 83 22 0
20 83 23 0
20 83 24 0
20 83 25 1
20 84 17 7
20 84 18 0
20 84 19 0
20 84 20 0
20 84 21 0
20 84 22 0
20 84 23 0
20 84 24 0
20 84 25 1
20 85 17 7
20 85 18 0
20 85 19 0
20 85 20 0
20 85 21 0
20 85 22 0
20 85 23 0
20 85 24 0
20 85 25 1
20 86 17 7
20 86 18 0
20 86 19 0
20 86 20 0
20 86 21 0
20 86 22 0
20 86 23 0
20 86 24 0
20 86 25 1
20 87 18 1
20 87 19 0
20 87 20 0
20 87 21 0
20 87 22 0
20 87 23 0
20 87 24 0
20 87 25 1
20 88 18 1
20 88 19 0
20 88 20 0
20 88 21 0
20 88 22 0
20 88 23 0
20 88 24 0
20 88 25 1
20 89 18 7
20 89 19 0
20 89 20 0
20 89 21 0
20 89 22 0
20 89 23 5
20 89 24 4
20 89 25 1
20 90 19 7
20 90 20 7
20 90 21 5
20 90 22 7
20 90 23 5
20 90 24 4
21 65 24 5
21 66 24 5
21 66 25 1
21 67 20 5
21 67 21 5
21 67 22 7
21 67 23 7
21 67 24 1
21 67 25 1
21 68 19 7
21 68 20 0
21 68 21 0
21 68 22 0
21 68 23 0
21 68 24 0
21 68 25 1
21 69 18 7
21 69 19 0
21 69 20 0
21 69 21 0
21 69 22 0
21 69 23 0
21 69 24 0
21 69 25 1
21 70 17 7
21 70 18 0
21 70 19 0
21 70 20 0
21 70 21 0
21 70 22 0
21 70 23 0
21 70 24 0
21 70 25 1
21 71 17 7
21 71 18 0
21 71 19 0
21 71 20 0
21 71 21 0
21 71 22 0
21 71 23 0
21 71 24 0
21 71 25 1
21 72 17 7
21 72 18 0
21 72 19 0
21 72 20 0
21 72 21 0
21 72 22 0
21 72 23 0
21 72 24 0
21 72 25 1
21 73 17 7
21 73 18 0
21 73 19 0
21 73 20 0
21 73 21 0
21 73 22 0
21 73 23 0
21 73 24 0
21 73 25 1
21 74 17 7
21 74 18 0
21 74 19 0
21 74 20 0
21 74 21 0
21 74 22 0
21 74 23 0
21 74 24 0
21 74 25 1
21 75 16 7
21 75 17 0
21 75 18 0
21 75 19 0
21 75 20 0
21 75 21 0
21 75 22 0
21 75 23 0
21 75 24 0
21 75 25 1
21 76 16 7
21 76 17 0
21 76 18 0
21 76 19 0
21 76 20 0
21 76 21 0
21 76 22 0
21 76 23 0
21 76 24 0
21 76 25 1
21 77 16 7
21 77 17 0
21 77 18 0
21 77 19 0
21 77 20 0
21 77 21 0
21 77 22 0
21 77 23 0
21 77 24 0
21 77 25 1
21 78 15 7
21 78 16 0
21 78 17 0
21 78 18 0
21 78 19 0
21 78 20 0
21 78 21 0
21 78 22 0
21 78 23 0
21 78 24 0
21 78 25 1
21 79 15 7
21 79 16 0
21 79 17 0
21 79 18 0
21 79 19 0
21 79 20 0
21 79 21 0
21 79 22 0
21 79 23 0
21 79 24 0
21 79 25 1
21 80 15 7
21 80 16 0
21 80 17 0
21 80 18 0
21 80 19 0
21 80 20 0
21 80 21 0
21 80 22 0
21 80 23 0
21 80 24 0
21 80 25 1
21 81 15 7
21 81 16 0
21 81 17 0
21 81 18 0
21 81 19 0
21 81 20 0
21 81 21 0
21 81 22 0
21 81 23 0
21 81 24 0
21 81 25 1
21 82 16 1
21 82 17 0
21 82 18 0
21 82 19 0
21 82 20 0
21 82 21 0
21 82 22 0
21 82 23 0
21 82 24 0
21 82 25 1
21 83 16 7
21 83 17 0
21 83 18 0
21 83 19 0
21 83 20 0
21 83 21 0
21 83 22 0
21 83 23 0
21 83 24 0
21 83 25 1
21 84 17 1
21 84 18 0
21 84 19 0
21 84 20 0
21 84 21 0
21 84 22 0
21 84 23 0
21 84 24 0
21 84 25 1
21 85 17 1
21 85 18 0
21 85 19 0
21 85 20 0
21 85 21 0
21 85 22 0
21 85 23 0
21 85 24 0
21 85 25 1
21 86 17 1
21 86 18 0
21 86 19 0
21 86 20 0
21 86 21 0
21 86 22 0
21 86 23 0
21 86 24 0
21 86 25 1
21 87 17 7
21 87 18 0
21 87 19 0
21 87 20 0
21 87 21 0
21 87 22 0
21 87 23 0
21 87 24 0
21 87 25 1
21 88 17 7
21 88 18 0
21 88 19 0
21 88 20 0
21 88 21 0
21 88 22 0
21 88 23 0
21 88 24 0
21 88 25 1
21 89 18 7
21 89 19 0
21 89 20 0
21 89 21 0
21 89 22 0
21 89 23 0
21 89 24 0
21 89 25 1
21 90 19 7
21 90 20 7
21 90 21 0
21 90 22 0
21 90 23 0
21 90 24 0
21 90 25 1
21 91 21 7
21 91 22 7
21 91 23 5
21 91 24 1
21 91 25 1
21 92 23 7
21 92 24 1
21 92 25 1
21 93 23 7
21 93 24 1
21 93 25 1
21 94 24 7
21 94 25 1
21 95 24 5
21 95 25 1
22 63 24 7
22 63 25 1
22 64 24 7
22 64 25 1
22 65 24 1
22 65 25 1
22 66 23 7
22 66 24 0
22 66 25 1
22 67 19 5
22 67 20 7
22 67 21 5
22 67 22 7
22 67 23 0
22 67 24 0
22 67 25 1
22 68 18 7
22 68 19 0
22 68 20 0
22 68 21 0
22 68 22 0
22 68 23 0
22 68 24 0
22 68 25 1
22 69 17 7
22 69 18 0
22 69 19 0
22 69 20 0
22 69 21 0
22 69 22 0
22 69 23 0
22 69 24 0
22 69 25 1
22 70 17 7
22 70 18 0
22 70 19 0
22 70 20 0
22 70 21 0
22 70 22 0
22 70 23 0
22 70 24 0
22 70 25 1
22 71 17 1
22 71 18 0
22 71 19 0
22 71 20 0
22 71 21 0
22 71 22 0
22 71 23 0
22 71 24 0
22 71 25 1
22 72 17 1
22 72 18 0
22 72 19 0
22 72 20 0
22 72 21 0
22 72 22 0
22 72 23 0
22 72 24 0
22 72 25 1
22 73 17 1
22 73 18 0
22 73 19 0
22 73 20 0
22 73 21 0
22 73 22 0
22 73 23 0
22 73 24 0
22 73 25 1
22 74 16 7
22 74 17 0
22 74 18 0
22 74 19 0
22 74 20 0
22 74 21 0
22 74 22 0
22 74 23 0
22 74 24 0
22 74 25 1
22 75 15 7
22 75 16 0
22 75 17 0
22 75 18 0
22 75 19 0
22 75 20 0
22 75 21 0
22 75 22 0
22 75 23 0
22 75 24 0
22 75 25 1
22 76 15 7
22 76 16 0
22 76 17 0
22 76 18 0
22 76 19 0
22 76 20 0
22 76 21 0
22 76 22 0
22 76 23 0
22 76 24 0
22 76 25 1
22 77 15 7
22 77 16 0
22 77 17 0
22 77 18 0
22 77 19 0
22 77 20 0
22 77 21 0
22 77 22 0
22 77 23 0
22 77 24 0
22 77 25 1
22 78 14 7
22 78 15 0
22 78 16 0
22 78 17 0
22 78 18 0
22 78 19 0
22 78 20 0
22 78 21 0
22 78 22 0
22 78 23 0
22 78 24 0
22 78 25 1
22 79 14 7
22 79 15 0
22 79 16 0
22 79 17 0
22 79 18 0
22 79 19 0
22 79 20 0
22 79 21 0
22 79 22 0
22 79 23 0
22 79 24 0
22 79 25 1
22 80 14 7
22 80 15 0
22 80 16 0
22 80 17 0
22 80 18 0
22 80 19 0
22 80 20 0
22 80 21 0
22 80 22 0
22 80 23 0
22 80 24 0
22 80 25 1
22 81 15 1
22 81 16 0
22 81 17 0
22 81 18 0
22 81 19 0
22 81 20 0
22 81 21 0
22 81 22 0
22 81 23 0
22 81 24 0
22 81 25 1
22 82 15 1
22 82 16 0
22 82 17 0
22 82 18 0
22 82 19 0
22 82 20 0
22 82 21 0
22 82 22 0
22 82 23 0
22 82 24 0
22 82 25 1
22 83 15 7
22 83 16 0
22 83 17 0
22 83 18 0
22 83 19 0
22 83 20 0
22 83 21 0
22 83 22 0
22 83 23 0
22 83 24 0
22 83 25 1
22 84 15 7
22 84 16 7
22 84 17 0
22 84 18 0
22 84 19 0
22 84 20 0
22 84 21 0
22 84 22 0
22 84 23 0
22 84 24 0
22 84 25 1
22 85 16 7
22 85 17 0
22 85 18 0
22 85 19 0
22 85 20 0
22 85 21 0
22 85 22 0
22 85 23 0
22 85 24 0
22 85 25 1
22 86 16 7
22 86 17 0
22 86 18 0
22 86 19 0
22 86 20 0
22 86 21 0
22 86 22 0
22 86 23 0
22 86 24 0
22 86 25 1
22 87 16 7
22 87 17 0
22 87 18 0
22 87 19 0
22 87 20 0
22 87 21 0
22 87 22 0
22 87 23 0
22 87 24 0
22 87 25 1
22 88 17 1
22 88 18 0
22 88 19 0
22 88 20 0
22 88 21 0
22 88 22 0
22 88 23 0
22 88 24 0
22 88 25 1
22 89 17 7
22 89 18 0
22 89 19 0
22 89 20 0
22 89 21 0
22 89 22 0
22 89 23 0
22 89 24 0
22 89 25 1
22 90 18 7
22 90 19 0
22 90 20 0
22 90 21 0
22 90 22 0
22 90 23 0
22 90 24 0
22 90 25 1
22 91 19 7
22 91 20 7
22 91 21 7
22 91 22 0
22 91 23 0
22 91 24 0
22 91 25 1
22 92 22 7
22 92 23 0
22 92 24 0
22 92 25 1
22 93 23 7
22 93 24 0
22 93 25 1
22 94 23 7
22 94 24 0
22 94 25 1
22 95 23 7
22 95 24 0
22 95 25 1
22 96 24 5
23 63 24 1
23 63 25 1
23 64 23 7
23 64 24 0
23 64 25 1
23 65 23 7
23 65 24 0
23 65 25 1
23 66 21 5
23 66 22 7
23 66 23 0
23 66 24 0
23 66 25 1
23 67 19 5
23 67 20 7
23 67 21 0
23 67 22 0
23 67 23 0
23 67 24 0
23 67 25 1
23 68 18 7
23 68 19 0
23 68 20 0
23 68 21 0
23 68 22 0
23 68 23 0
23 68 24 0
23 68 25 1
23 69 17 7
23 69 18 0
23 69 19 0
23 69 20 0
23 69 21 0
23 69 22 0
23 69 23 0
23 69 24 0
23 69 25 1
23 70 17 1
23 70 18 0
23 70 19 0
23 70 20 0
23 70 21 0
23 70 22 0
23 70 23 0
23 70 24 0
23 70 25 1
23 71 16 7
23 71 17 0
23 71 18 0
23 71 19 0
23 71 20 0
23 71 21 0
23 71 22 0
23 71 23 0
23 71 24 0
23 71 25 1
23 72 16 7
23 72 17 0
23 72 18 0
23 72 19 0
23 72 20 0
23 72 21 0
23 72 22 0
23 72 23 0
23 72 24 0
23 72 25 1
23 73 15 7
23 73 16 7
23 73 17 0
23 73 18 0
23 73 19 0
23 73 20 0
23 73 21 0
23 73 22 0
23 73 23 0
23 73 24 0
23 73 25 1
23 74 15 7
23 74 16 0
23 74 17 0
23 74 18 0
23 74 19 0
23 74 20 0
23 74 21 0
23 74 22 0
23 74 23 0
23 74 24 0
23 74 25 1
23 75 14 7
23 75 15 0
23 75 16 0
23 75 17 0
23 75 18 0
23 75 19 0
23 75 20 0
23 75 21 0
23 75 22 0
23 75 23 0
23 75 24 0
23 75 25 1
23 76 14 7
23 76 15 0
23 76 16 0
23 76 17 0
23 76 18 0
23 76 19 0
23 76 20 0
23 76 21 0
23 76 22 0
23 76 23 0
23 76 24 0
23 76 25 1
23 77 14 1
23 77 15 0
23 77 16 0
23 77 17 0
23 77 18 0
23 77 19 0
23 77 20 0
23 77 21 0
23 77 22 0
23 77 23 0
23 77 24 0
23 77 25 1
23 78 14 7
23 78 15 0
23 78 16 0
23 78 17 0
23 78 18 0
23 78 19 0
23 78 20 0
23 78 21 0
23 78 22 0
23 78 23 0
23 78 24 0
23 78 25 1
23 79 14 1
23 79 15 0
23 79 16 0
23 79 17 0
23 79 18 0
23 79 19 0
23 79 20 0
23 79 21 0
23 79 22 0
23 79 23 0
23 79 24 0
23 79 25 1
23 80 14 7
23 80 15 0
23 80 16 0
23 80 17 0
23 80 18 0
23 80 19 0
23 80 20 0
23 80 21 0
23 80 22 0
23 80 23 0
23 80 24 0
23 80 25 1
23 81 14 1
23 81 15 0
23 81 16 0
23 81 17 0
23 81 18 0
23 81 19 0
23 81 20 0
23 81 21 0
23 81 22 0
23 81 23 0
23 81 24 0
23 81 25 1
23 82 14 7
23 82 15 0
23 82 16 0
23 82 17 0
23 82 18 0
23 82 19 0
23 82 20 0
23 82 21 0
23 82 22 0
23 82 23 0
23 82 24 0
23 82 25 1
23 83 14 7
23 83 15 0
23 83 16 0
23 83 17 0
23 83 18 0
23 83 19 0
23 83 20 0
23 83 21 0
23 83 22 0
23 83 23 0
23 83 24 0
23 83 25 1
23 84 14 7
23 84 15 0
23 84 16 0
23 84 17 0
23 84 18 0
23 84 19 0
23 84 20 0
23 84 21 0
23 84 22 0
23 84 23 0
23 84 24 0
23 84 25 1
23 85 15 7
23 85 16 0
23 85 17 0
23 85 18 0
23 85 19 0
23 85 20 0
23 85 21 0
23 85 22 0
23 85 23 0
23 85 24 0
23 85 25 1
23 86 16 1
23 86 17 0
23 86 18 0
23 86 19 0
23 86 20 0
23 86 21 0
23 86 22 0
23 86 23 0
23 86 24 0
23 86 25 1
23 87 16 7
23 87 17 0
23 87 18 0
23 87 19 0
23 87 20 0
23 87 21 0
23 87 22 0
23 87 23 0
23 87 24 0
23 87 25 1
23 88 16 7
23 88 17 0
23 88 18 0
23 88 19 0
23 88 20 0
23 88 21 0
23 88 22 0
23 88 23 0
23 88 24 0
23 88 25 1
23 89 17 7
23 89 18 0
23 89 19 0
23 89 20 0
23 89 21 0
23 89 22 0
23 89 23 0
23 89 24 0
23 89 25 1
23 90 18 1
23 90 19 0
23 90 20 0
23 90 21 0
23 90 22 0
23 90 23 0
23 90 24 0
23 90 25 1
23 91 18 7
23 91 19 0
23 91 20 0
23 91 21 0
23 91 22 0
23 91 23 0
23 91 24 0
23 91 25 1
23 92 19 7
23 92 20 7
23 92 21 7
23 92 22 0
23 92 23 0
23 92 24 0
23 92 25 1
23 93 22 7
23 93 23 0
23 93 24 0
23 93 25 1
23 94 23 7
23 94 24 0
23 94 25 1
23 95 23 7
23 95 24 0
23 95 25 1
23 96 24 5
24 62 24 1
24 62 25 1
24 63 23 7
24 63 24 0
24 63 25 1
24 64 23 1
24 64 24 0
24 64 25 1
24 65 23 1
24 65 24 0
24 65 25 1
24 66 20 7
24 66 21 5
24 66 22 7
24 66 23 0
24 66 24 0
24 66 25 1
24 67 19 7
24 67 20 0
24 67 21 0
24 67 22 0
24 67 23 0
24 67 24 0
24 67 25 1
24 68 18 1
24 68 19 0
24 68 20 0
24 68 21 0
24 68 22 0
24 68 23 0
24 68 24 0
24 68 25 1
24 69 17 7
24 69 18 0
24 69 19 0
24 69 20 0
24 69 21 0
24 69 22 0
24 69 23 0
24 69 24 0
24 69 25 1
24 70 17 1
24 70 18 0
24 70 19 0
24 70 20 0
24 70 21 0
24 70 22 0
24 70 23 0
24 70 24 0
24 70 25 1
24 71 16 7
24 71 17 0
24 71 18 0
24 71 19 0
24 71 20 0
24 71 21 0
24 71 22 0
24 71 23 0
24 71 24 0
24 71 25 1
24 72 16 1
24 72 17 0
24 72 18 0
24 72 19 0
24 72 20 0
24 72 21 0
24 72 22 0
24 72 23 0
24 72 24 0
24 72 25 1
24 73 15 7
24 73 16 0
24 73 17 0
24 73 18 0
24 73 19 0
24 73 20 0
24 73 21 0
24 73 22 0
24 73 23 0
24 73 24 0
24 73 25 1
24 74 14 7
24 74 15 0
24 74 16 0
24 74 17 0
24 74 18 0
24 74 19 0
24 74 20 0
24 74 21 0
24 74 22 0
24 74 23 0
24 74 24 0
24 74 25 1
24 75 13 7
24 75 14 0
24 75 15 0
24 75 16 0
24 75 17 0
24 75 18 0
24 75 19 0
24 75 20 0
24 75 21 0
24 75 22 0
24 75 23 0
24 75 24 0
24 75 25 1
24 76 13 7
24 76 14 0
24 76 15 0
24 76 16 0
24 76 17 0
24 76 18 0
24 76 19 0
24 76 20 0
24 76 21 0
24 76 22 0
24 76 23 0
24 76 24 0
24 76 25 1
24 77 13 7
24 77 14 0
24 77 15 0
24 77 16 0
24 77 17 0
24 77 18 0
24 77 19 0
24 77 20 0
24 77 21 0
24 77 22 0
24 77 23 0
24 77 24 0
24 77 25 1
24 78 13 7
24 78 14 0
24 78 15 0
24 78 16 0
24 78 17 0
24 78 18 0
24 78 19 0
24 78 20 0
24 78 21 0
24 78 22 0
24 78 23 0
24 78 24 0
24 78 25 1
24 79 13 7
24 79 14 0
24 79 15 0
24 79 16 0
24 79 17 0
24 79 18 0
24 79 19 0
24 79 20 0
24 79 21 0
24 79 22 0
24 79 23 0
24 79 24 0
24 79 25 1
24 80 13 7
24 80 14 0
24 80 15 0
24 80 16 0
24 80 17 0
24 80 18 0
24 80 19 0
24 80 20 0
24 80 21 0
24 80 22 0
24 80 23 0
24 80 24 0
24 80 25 1
24 81 13 7
24 81 14 0
24 81 15 0
24 81 16 0
24 81 17 0
24 81 18 0
24 81 19 0
24 81 20 0
24 81 21 0
24 81 22 0
24 81 23 0
24 81 24 0
24 81 25 1
24 82 13 7
24 82 14 0
24 82 15 0
24 82 16 0
24 82 17 0
24 82 18 0
24 82 19 0
24 82 20 0
24 82 21 0
24 82 22 0
24 82 23 0
24 82 24 0
24 82 25 1
24 83 13 7
24 83 14 0
24 83 15 0
24 83 16 0
24 83 17 0
24 83 18 0
24 83 19 0
24 83 20 0
24 83 21 0
24 83 22 0
24 83 23 0
24 83 24 0
24 83 25 1
24 84 13 7
24 84 14 0
24 84 15 0
24 84 16 0
24 84 17 0
24 84 18 0
24 84 19 0
24 84 20 0
24 84 21 0
24 84 22 0
24 84 23 0
24 84 24 0
24 84 25 1
24 85 14 7
24 85 15 0
24 85 16 0
24 85 17 0
24 85 18 0
24 85 19 0
24 85 20 0
24 85 21 0
24 85 22 0
24 85 23 0
24 85 24 0
24 85 25 1
24 86 15 7
24 86 16 0
24 86 17 0
24 86 18 0
24 86 19 0
24 86 20 0
24 86 21 0
24 86 22 0
24 86 23 0
24 86 24 0
24 86 25 1
24 87 16 1
24 87 17 0
24 87 18 0
24 87 19 0
24 87 20 0
24 87 21 0
24 87 22 0
24 87 23 0
24 87 24 0
24 87 25 1
24 88 16 7
24 88 17 0
24 88 18 0
24 88 19 0
24 88 20 0
24 88 21 0
24 88 22 0
24 88 23 0
24 88 24 0
24 88 25 1
24 89 17 1
24 89 18 0
24 89 19 0
24 89 20 0
24 89 21 0
24 89 22 0
24 89 23 0
24 89 24 0
24 89 25 1
24 90 17 7
24 90 18 0
24 90 19 0
24 90 20 0
24 90 21 0
24 90 22 0
24 90 23 0
24 90 24 0
24 90 25 1
24 91 18 7
24 91 19 0
24 91 20 0
24 91 21 0
24 91 22 0
24 91 23 0
24 91 24 0
24 91 25 1
24 92 19 5
24 92 20 7
24 92 21 7
24 92 22 0
24 92 23 0
24 92 24 0
24 92 25 1
24 93 22 1
24 93 23 0
24 93 24 0
24 93 25 1
24 94 22 7
24 94 23 0
24 94 24 0
24 94 25 1
24 95 23 7
24 95 24 0
24 95 25 1
24 96 23 7
24 96 24 0
24 96 25 1
24 97 24 5
25 62 23 7
25 62 24 1
25 62 25 1
25 63 23 7
25 63 24 0
25 63 25 1
25 64 22 7
25 64 23 0
25 64 24 0
25 64 25 1
25 65 22 7
25 65 23 0
25 65 24 0
25 65 25 1
25 66 19 5
25 66 20 7
25 66 21 7
25 66 22 0
25 66 23 0
25 66 24 0
25 66 25 1
25 67 18 7
25 67 19 0
25 67 20 0
25 67 21 0
25 67 22 0
25 67 23 0
25 67 24 0
25 67 25 1
25 68 18 7
25 68 19 0
25 68 20 0
25 68 21 0
25 68 22 0
25 68 23 0
25 68 24 0
25 68 25 1
25 69 17 7
25 69 18 0
25 69 19 0
25 69 20 0
25 69 21 0
25 69 22 0
25 69 23 0
25 69 24 0
25 69 25 1
25 70 17 1
25 70 18 0
25 70 19 0
25 70 20 0
25 70 21 0
25 70 22 0
25 70 23 0
25 70 24 0
25 70 25 1
25 71 16 7
25 71 17 0
25 71 18 0
25 71 19 0
25 71 20 0
25 71 21 0
25 71 22 0
25 71 23 0
25 71 24 0
25 71 25 1
25 72 15 7
25 72 16 0
25 72 17 0
25 72 18 0
25 72 19 0
25 72 20 0
25 72 21 0
25 72 22 0
25 72 23 0
25 72 24 0
25 72 25 1
25 73 13 7
25 73 14 7
25 73 15 0
25 73 16 0
25 73 17 0
25 73 18 0
25 73 19 0
25 73 20 0
25 73 21 0
25 73 22 0
25 73 23 0
25 73 24 0
25 73 25 1
25 74 13 7
25 74 14 0
25 74 15 0
25 74 16 0
25 74 17 0
25 74 18 0
25 74 19 0
25 74 20 0
25 74 21 0
25 74 22 0
25 74 23 0
25 74 24 0
25 74 25 1
25 75 12 7
25 75 13 0
25 75 14 0
25 75 15 0
25 75 16 0
25 75 17 0
25 75 18 0
25 75 19 0
25 75 20 0
25 75 21 0
25 75 22 0
25 75 23 0
25 75 24 0
25 75 25 1
25 76 12 7
25 76 13 0
25 76 14 0
25 76 15 0
25 76 16 0
25 76 17 0
25 76 18 0
25 76 19 0
25 76 20 0
25 76 21 0
25 76 22 0
25 76 23 0
25 76 24 0
25 76 25 1
25 77 12 7
25 77 13 0
25 77 14 0
25 77 15 0
25 77 16 0
25 77 17 0
25 77 18 0
25 77 19 0
25 77 20 0
25 77 21 0
25 77 22 0
25 77 23 0
25 77 24 0
25 77 25 1
25 78 12 7
25 78 13 0
25 78 14 0
25 78 15 0
25 78 16 0
25 78 17 0
25 78 18 0
25 78 19 0
25 78 20 0
25 78 21 0
25 78 22 0
25 78 23 0
25 78 24 0
25 78 25 1
25 79 12 7
25 79 13 0
25 79 14 0
25 79 15 0
25 79 16 0
25 79 17 0
25 79 18 0
25 79 19 0
25 79 20 0
25 79 21 0
25 79 22 0
25 79 23 0
25 79 24 0
25 79 25 1
25 80 12 7
25 80 13 0
25 80 14 0
25 80 15 0
25 80 16 0
25 80 17 0
25 80 18 0
25 80 19 0
25 80 20 0
25 80 21 0
25 80 22 0
25 80 23 0
25 80 24 0
25 80 25 1
25 81 12 7
25 81 13 0
25 81 14 0
25 81 15 0
25 81 16 0
25 81 17 0
25 81 18 0
25 81 19 0
25 81 20 0
25 81 21 0
25 81 22 0
25 81 23 0
25 81 24 0
25 81 25 1
25 82 12 7
25 82 13 0
25 82 14 0
25 82 15 0
25 82 16 0
25 82 17 0
25 82 18 0
25 82 19 0
25 82 20 0
25 82 21 0
25 82 22 0
25 82 23 0
25 82 24 0
25 82 25 1
25 83 12 7
25 83 13 0
25 83 14 0
25 83 15 0
25 83 16 0
25 83 17 0
25 83 18 0
25 83 19 0
25 83 20 0
25 83 21 0
25 83 22 0
25 83 23 0
25 83 24 0
25 83 25 1
25 84 12 7
25 84 13 0
25 84 14 0
25 84 15 0
25 84 16 0
25 84 17 0
25 84 18 0
25 84 19 0
25 84 20 0
25 84 21 0
25 84 22 0
25 84 23 0
25 84 24 0
25 84 25 1
25 85 13 7
25 85 14 0
25 85 15 0
25 85 16 0
25 85 17 0
25 85 18 0
25 85 19 0
25 85 20 0
25 85 21 0
25 85 22 0
25 85 23 0
25 85 24 0
25 85 25 1
25 86 14 7
25 86 15 0
25 86 16 0
25 86 17 0
25 86 18 0
25 86 19 0
25 86 20 0
25 86 21 0
25 86 22 0
25 86 23 0
25 86 24 0
25 86 25 1
25 87 15 7
25 87 16 0
25 87 17 0
25 87 18 0
25 87 19 0
25 87 20 0
25 87 21 0
25 87 22 0
25 87 23 0
25 87 24 0
25 87 25 1
25 88 16 7
25 88 17 0
25 88 18 0
25 88 19 0
25 88 20 0
25 88 21 0
25 88 22 0
25 88 23 0
25 88 24 0
25 88 25 1
25 89 17 1
25 89 18 0
25 89 19 0
25 89 20 0
25 89 21 0
25 89 22 0
25 89 23 0
25 89 24 0
25 89 25 1
25 90 17 7
25 90 18 0
25 90 19 0
25 90 20 0
25 90 21 0
25 90 22 0
25 90 23 0
25 90 24 0
25 90 25 1
25 91 18 7
25 91 19 0
25 91 20 0
25 91 21 0
25 91 22 0
25 91 23 0
25 91 24 0
25 91 25 1
25 92 19 7
25 92 20 7
25 92 21 0
25 92 22 0
25 92 23 0
25 92 24 0
25 92 25 1
25 93 21 7
25 93 22 0
25 93 23 0
25 93 24 0
25 93 25 1
25 94 22 7
25 94 23 0
25 94 24 0
25 94 25 1
25 95 23 7
25 95 24 0
25 95 25 1
25 96 23 7
25 96 24 0
25 96 25 1
25 97 24 4
25 97 25 1
26 62 23 7
26 62 24 7
26 62 25 1
26 63 23 1
26 63 24 0
26 63 25 1
26 64 23 1
26 64 24 0
26 64 25 1
26 65 22 7
26 65 23 0
26 65 24 0
26 65 25 1
26 66 19 7
26 66 20 7
26 66 21 7
26 66 22 0
26 66 23 0
26 66 24 0
26 66 25 1
26 67 18 7
26 67 19 0
26 67 20 0
26 67 21 0
26 67 22 0
26 67 23 0
26 67 24 0
26 67 25 1
26 68 18 1
26 68 19 0
26 68 20 0
26 68 21 0
26 68 22 0
26 68 23 0
26 68 24 0
26 68 25 1
26 69 17 7
26 69 18 0
26 69 19 0
26 69 20 0
26 69 21 0
26 69 22 0
26 69 23 0
26 69 24 0
26 69 25 1
26 70 17 1
26 70 18 0
26 70 19 0
26 70 20 0
26 70 21 0
26 70 22 0
26 70 23 0
26 70 24 0
26 70 25 1
26 71 16 7
26 71 17 0
26 71 18 0
26 71 19 0
26 71 20 0
26 71 21 0
26 71 22 0
26 71 23 0
26 71 24 0
26 71 25 1
26 72 14 5
26 72 15 7
26 72 16 0
26 72 17 0
26 72 18 0
26 72 19 0
26 72 20 0
26 72 21 0
26 72 22 0
26 72 23 0
26 72 24 0
26 72 25 1
26 73 12 7
26 73 13 7
26 73 14 0
26 73 15 0
26 73 16 0
26 73 17 0
26 73 18 0
26 73 19 0
26 73 20 0
26 73 21 0
26 73 22 0
26 73 23 0
26 73 24 0
26 73 25 1
26 74 12 7
26 74 13 0
26 74 14 0
26 74 15 0
26 74 16 0
26 74 17 0
26 74 18 0
26 74 19 0
26 74 20 0
26 74 21 0
26 74 22 0
26 74 23 0
26 74 24 0
26 74 25 1
26 75 12 1
26 75 13 0
26 75 14 0
26 75 15 0
26 75 16 0
26 75 17 0
26 75 18 0
26 75 19 0
26 75 20 0
26 75 21 0
26 75 22 0
26 75 23 0
26 75 24 0
26 75 25 1
26 76 12 1
26 76 13 0
26 76 14 0
26 76 15 0
26 76 16 0
26 76 17 0
26 76 18 0
26 76 19 0
26 76 20 0
26 76 21 0
26 76 22 0
26 76 23 0
26 76 24 0
26 76 25 1
26 77 12 1
26 77 13 0
26 77 14 0
26 77 15 0
26 77 16 0
26 77 17 0
26 77 18 0
26 77 19 0
26 77 20 0
26 77 21 0
26 77 22 0
26 77 23 0
26 77 24 0
26 77 25 1
26 78 12 1
26 78 13 0
26 78 14 0
26 78 15 0
26 78 16 0
26 78 17 0
26 78 18 0
26 78 19 0
26 78 20 0
26 78 21 0
26 78 22 0
26 78 23 0
26 78 24 0
26 78 25 1
26 79 12 1
26 79 13 0
26 79 14 0
26 79 15 0
26 79 16 0
26 79 17 0
26 79 18 0
26 79 19 0
26 79 20 0
26 79 21 0
26 79 22 0
26 79 23 0
26 79 24 0
26 79 25 1
26 80 12 1
26 80 13 0
26 80 14 0
26 80 15 0
26 80 16 0
26 80 17 0
26 80 18 0
26 80 19 0
26 80 20 0
26 80 21 0
26 80 22 0
26 80 23 0
26 80 24 0
26 80 25 1
26 81 12 1
26 81 13 0
26 81 14 0
26 81 15 0
26 81 16 0
26 81 17 0
26 81 18 0
26 81 19 0
26 81 20 0
26 81 21 0
26 81 22 0
26 81 23 0
26 81 24 0
26 81 25 1
26 82 11 7
26 82 12 0
26 82 13 0
26 82 14 0
26 82 15 0
26 82 16 0
26 82 17 0
26 82 18 0
26 82 19 0
26 82 20 0
26 82 21 0
26 82 22 0
26 82 23 0
26 82 24 0
26 82 25 1
26 83 11 7
26 83 12 0
26 83 13 0
26 83 14 0
26 83 15 0
26 83 16 0
26 83 17 0
26 83 18 0
26 83 19 0
26 83 20 0
26 83 21 0
26 83 22 0
26 83 23 0
26 83 24 0
26 83 25 1
26 84 12 1
26 84 13 0
26 84 14 0
26 84 15 0
26 84 16 0
26 84 17 0
26 84 18 0
26 84 19 0
26 84 20 0
26 84 21 0
26 84 22 0
26 84 23 0
26 84 24 0
26 84 25 1
26 85 12 7
26 85 13 0
26 85 14 0
26 85 15 0
26 85 16 0
26 85 17 0
26 85 18 0
26 85 19 0
26 85 20 0
26 85 21 0
26 85 22 0
26 85 23 0
26 85 24 0
26 85 25 1
26 86 13 7
26 86 14 0
26 86 15 0
26 86 16 0
26 86 17 0
26 86 18 0
26 86 19 0
26 86 20 0
26 86 21 0
26 86 22 0
26 86 23 0
26 86 24 0
26 86 25 1
26 87 14 7
26 87 15 7
26 87 16 0
26 87 17 0
26 87 18 0
26 87 19 0
26 87 20 0
26 87 21 0
26 87 22 0
26 87 23 0
26 87 24 0
26 87 25 1
26 88 16 7
26 88 17 0
26 88 18 0
26 88 19 0
26 88 20 0
26 88 21 0
26 88 22 0
26 88 23 0
26 88 24 0
26 88 25 1
26 89 17 7
26 89 18 0
26 89 19 0
26 89 20 0
26 89 21 0
26 89 22 0
26 89 23 0
26 89 24 0
26 89 25 1
26 90 17 7
26 90 18 0
26 90 19 0
26 90 20 0
26 90 21 0
26 90 22 0
26 90 23 0
26 90 24 0
26 90 25 1
26 91 18 7
26 91 19 0
26 91 20 0
26 91 21 0
26 91 22 0
26 91 23 0
26 91 24 0
26 91 25 1
26 92 19 7
26 92 20 7
26 92 21 7
26 92 22 0
26 92 23 0
26 92 24 0
26 92 25 1
26 93 22 1
26 93 23 0
26 93 24 0
26 93 25 1
26 94 22 7
26 94 23 0
26 94 24 0
26 94 25 1
26 95 23 1
26 95 24 0
26 95 25 1
26 96 23 7
26 96 24 0
26 96 25 1
26 97 24 7
26 97 25 1
26 98 24 1
26 98 25 1
27 62 23 5
27 62 24 7
27 62 25 1
27 63 23 7
27 63 24 0
27 63 25 1
27 64 23 7
27 64 24 0
27 64 25 1
27 65 23 5
27 65 24 0
27 65 25 1
27 66 19 7
27 66 20 7
27 66 21 7
27 66 22 7
27 66 23 0
27 66 24 0
27 66 25 1
27 67 18 7
27 67 19 0
27 67 20 0
27 67 21 0
27 67 22 0
27 67 23 0
27 67 24 0
27 67 25 1
27 68 18 1
27 68 19 0
27 68 20 0
27 68 21 0
27 68 22 0
27 68 23 0
27 68 24 0
27 68 25 1
27 69 17 7
27 69 18 0
27 69 19 0
27 69 20 0
27 69 21 0
27 69 22 0
27 69 23 0
27 69 24 0
27 69 25 1
27 70 17 7
27 70 18 0
27 70 19 0
27 70 20 0
27 70 21 0
27 70 22 0
27 70 23 0
27 70 24 0
27 70 25 1
27 71 15 5
27 71 16 5
27 71 17 0
27 71 18 0
27 71 19 0
27 71 20 0
27 71 21 0
27 71 22 0
27 71 23 0
27 71 24 0
27 71 25 1
27 72 13 5
27 72 14 5
27 72 15 0
27 72 16 0
27 72 17 0
27 72 18 0
27 72 19 0
27 72 20 0
27 72 21 0
27 72 22 0
27 72 23 0
27 72 24 0
27 72 25 1
27 73 12 7
27 73 13 0
27 73 14 0
27 73 15 0
27 73 16 0
27 73 17 0
27 73 18 0
27 73 19 0
27 73 20 0
27 73 21 0
27 73 22 0
27 73 23 0
27 73 24 0
27 73 25 1
27 74 11 7
27 74 12 0
27 74 13 0
27 74 14 0
27 74 15 0
27 74 16 0
27 74 17 0
27 74 18 0
27 74 19 0
27 74 20 0
27 74 21 0
27 74 22 0
27 74 23 0
27 74 24 0
27 74 25 1
27 75 11 7
27 75 12 0
27 75 13 0
27 75 14 0
27 75 15 0
27 75 16 0
27 75 17 0
27 75 18 0
27 75 19 0
27 75 20 0
27 75 21 0
27 75 22 0
27 75 23 0
27 75 24 0
27 75 25 1
27 76 11 7
27 76 12 0
27 76 13 0
27 76 14 0
27 76 15 0
27 76 16 0
27 76 17 0
27 76 18 0
27 76 19 0
27 76 20 0
27 76 21 0
27 76 22 0
27 76 23 0
27 76 24 0
27 76 25 1
27 77 11 7
27 77 12 0
27 77 13 0
27 77 14 0
27 77 15 0
27 77 16 0
27 77 17 0
27 77 18 0
27 77 19 0
27 77 20 0
27 77 21 0
27 77 22 0
27 77 23 0
27 77 24 0
27 77 25 1
27 78 11 7
27 78 12 0
27 78 13 0
27 78 14 0
27 78 15 0
27 78 16 0
27 78 17 0
27 78 18 0
27 78 19 0
27 78 20 0
27 78 21 0
27 78 22 0
27 78 23 0
27 78 24 0
27 78 25 1
27 79 11 7
27 79 12 0
27 79 13 0
27 79 14 0
27 79 15 0
27 79 16 0
27 79 17 0
27 79 18 0
27 79 19 0
27 79 20 0
27 79 21 0
27 79 22 0
27 79 23 0
27 79 24 0
27 79 25 1
27 80 11 7
27 80 12 0
27 80 13 0
27 80 14 0
27 80 15 0
27 80 16 0
27 80 17 0
27 80 18 0
27 80 19 0
27 80 20 0
27 80 21 0
27 80 22 0
27 80 23 0
27 80 24 0
27 80 25 1
27 81 11 7
27 81 12 0
27 81 13 0
27 81 14 0
27 81 15 0
27 81 16 0
27 81 17 0
27 81 18 0
27 81 19 0
27 81 20 0
27 81 21 0
27 81 22 0
27 81 23 0
27 81 24 0
27 81 25 1
27 82 11 7
27 82 12 0
27 82 13 0
27 82 14 0
27 82 15 0
27 82 16 0
27 82 17 0
27 82 18 0
27 82 19 0
27 82 20 0
27 82 21 0
27 82 22 0
27 82 23 0
27 82 24 0
27 82 25 1
27 83 11 7
27 83 12 0
27 83 13 0
27 83 14 0
27 83 15 0
27 83 16 0
27 83 17 0
27 83 18 0
27 83 19 0
27 83 20 0
27 83 21 0
27 83 22 0
27 83 23 0
27 83 24 0
27 83 25 1
27 84 11 7
27 84 12 0
27 84 13 0
27 84 14 0
27 84 15 0
27 84 16 0
27 84 17 0
27 84 18 0
27 84 19 0
27 84 20 0
27 84 21 0
27 84 22 0
27 84 23 0
27 84 24 0
27 84 25 1
27 85 12 7
27 85 13 0
27 85 14 0
27 85 15 0
27 85 16 0
27 85 17 0
27 85 18 0
27 85 19 0
27 85 20 0
27 85 21 0
27 85 22 0
27 85 23 0
27 85 24 0
27 85 25 1
27 86 13 7
27 86 14 0
27 86 15 0
27 86 16 0
27 86 17 0
27 86 18 0
27 86 19 0
27 86 20 0
27 86 21 0
27 86 22 0
27 86 23 0
27 86 24 0
27 86 25 1
27 87 14 7
27 87 15 0
27 87 16 0
27 87 17 0
27 87 18 0
27 87 19 0
27 87 20 0
27 87 21 0
27 87 22 0
27 87 23 0
27 87 24 0
27 87 25 1
27 88 15 7
27 88 16 7
27 88 17 0
27 88 18 0
27 88 19 0
27 88 20 0
27 88 21 0
27 88 22 0
27 88 23 0
27 88 24 0
27 88 25 1
27 89 17 1
27 89 18 0
27 89 19 0
27 89 20 0
27 89 21 0
27 89 22 0
27 89 23 0
27 89 24 0
27 89 25 1
27 90 18 1
27 90 19 0
27 90 20 0
27 90 21 0
27 90 22 0
27 90 23 0
27 90 24 0
27 90 25 1
27 91 18 7
27 91 19 0
27 91 20 0
27 91 21 0
27 91 22 0
27 91 23 0
27 91 24 0
27 91 25 1
27 92 19 5
27 92 20 7
27 92 21 7
27 92 22 0
27 92 23 0
27 92 24 0
27 92 25 1
27 93 22 7
27 93 23 0
27 93 24 0
27 93 25 1
27 94 22 7
27 94 23 0
27 94 24 0
27 94 25 1
27 95 23 7
27 95 24 0
27 95 25 1
27 96 24 5
27 96 25 1
27 97 24 7
27 97 25 5
28 63 24 7
28 63 25 1
28 64 24 1
28 64 25 1
28 65 23 7
28 65 24 0
28 65 25 1
28 66 19 7
28 66 20 7
28 66 21 7
28 66 22 7
28 66 23 7
28 66 24 0
28 66 25 1
28 67 19 5
28 67 20 0
28 67 21 0
28 67 22 0
28 67 23 0
28 67 24 0
28 67 25 1
28 68 18 7
28 68 19 0
28 68 20 0
28 68 21 0
28 68 22 0
28 68 23 0
28 68 24 0
28 68 25 1
28 69 18 1
28 69 19 0
28 69 20 0
28 69 21 0
28 69 22 0
28 69 23 0
28 69 24 0
28 69 25 1
28 70 17 7
28 70 18 0
28 70 19 0
28 70 20 0
28 70 21 0
28 70 22 0
28 70 23 0
28 70 24 0
28 70 25 1
28 71 15 5
28 71 16 5
28 71 17 0
28 71 18 0
28 71 19 0
28 71 20 0
28 71 21 0
28 71 22 0
28 71 23 0
28 71 24 5
28 71 25 1
28 72 13 5
28 72 14 5
28 72 15 0
28 72 16 0
28 72 17 0
28 72 18 0
28 72 19 0
28 72 20 0
28 72 21 0
28 72 22 0
28 72 23 0
28 72 24 1
28 73 12 7
28 73 13 0
28 73 14 0
28 73 15 0
28 73 16 0
28 73 17 0
28 73 18 0
28 73 19 0
28 73 20 0
28 73 21 0
28 73 22 0
28 73 23 0
28 73 24 0
28 73 25 1
28 74 11 7
28 74 12 0
28 74 13 0
28 74 14 0
28 74 15 0
28 74 16 0
28 74 17 0
28 74 18 0
28 74 19 0
28 74 20 0
28 74 21 0
28 74 22 0
28 74 23 0
28 74 24 0
28 74 25 1
28 75 11 1
28 75 12 0
28 75 13 0
28 75 14 0
28 75 15 0
28 75 16 0
28 75 17 0
28 75 18 0
28 75 19 0
28 75 20 0
28 75 21 0
28 75 22 0
28 75 23 0
28 75 24 0
28 75 25 1
28 76 10 7
28 76 11 0
28 76 12 0
28 76 13 0
28 76 14 0
28 76 15 0
28 76 16 0
28 76 17 0
28 76 18 0
28 76 19 0
28 76 20 0
28 76 21 0
28 76 22 0
28 76 23 0
28 76 24 0
28 76 25 1
28 77 10 7
28 77 11 0
28 77 12 0
28 77 13 0
28 77 14 0
28 77 15 0
28 77 16 0
28 77 17 0
28 77 18 0
28 77 19 0
28 77 20 0
28 77 21 0
28 77 22 0
28 77 23 0
28 77 24 0
28 77 25 1
28 78 11 1
28 78 12 0
28 78 13 0
28 78 14 0
28 78 15 0
28 78 16 0
28 78 17 0
28 78 18 0
28 78 19 0
28 78 20 0
28 78 21 0
28 78 22 0
28 78 23 0
28 78 24 0
28 78 25 1
28 79 11 1
28 79 12 0
28 79 13 0
28 79 14 0
28 79 15 0
28 79 16 0
28 79 17 0
28 79 18 0
28 79 19 0
28 79 20 0
28 79 21 0
28 79 22 0
28 79 23 0
28 79 24 0
28 79 25 1
28 80 11 1
28 80 12 0
28 80 13 0
28 80 14 0
28 80 15 0
28 80 16 0
28 80 17 0
28 80 18 0
28 80 19 0
28 80 20 0
28 80 21 0
28 80 22 0
28 80 23 0
28 80 24 0
28 80 25 1
28 81 11 1
28 81 12 0
28 81 13 0
28 81 14 0
28 81 15 0
28 81 16 0
28 81 17 0
28 81 18 0
28 81 19 0
28 81 20 0
28 81 21 0
28 81 22 0
28 81 23 0
28 81 24 0
28 81 25 1
28 82 11 1
28 82 12 0
28 82 13 0
28 82 14 0
28 82 15 0
28 82 16 0
28 82 17 0
28 82 18 0
28 82 19 0
28 82 20 0
28 82 21 0
28 82 22 0
28 82 23 0
28 82 24 0
28 82 25 1
28 83 10 7
28 83 11 0
28 83 12 0
28 83 13 0
28 83 14 0
28 83 15 0
28 83 16 0
28 83 17 0
28 83 18 0
28 83 19 0
28 83 20 0
28 83 21 0
28 83 22 0
28 83 23 0
28 83 24 0
28 83 25 1
28 84 11 7
28 84 12 0
28 84 13 0
28 84 14 0
28 84 15 0
28 84 16 0
28 84 17 0
28 84 18 0
28 84 19 0
28 84 20 0
28 84 21 0
28 84 22 0
28 84 23 0
28 84 24 1
28 85 12 1
28 85 13 0
28 85 14 0
28 85 15 0
28 85 16 0
28 85 17 0
28 85 18 0
28 85 19 0
28 85 20 0
28 85 21 0
28 85 22 0
28 85 23 0
28 85 24 1
28 86 13 7
28 86 14 0
28 86 15 0
28 86 16 0
28 86 17 0
28 86 18 0
28 86 19 0
28 86 20 0
28 86 21 0
28 86 22 0
28 86 23 0
28 86 24 1
28 86 25 1
28 87 14 7
28 87 15 0
28 87 16 0
28 87 17 0
28 87 18 0
28 87 19 0
28 87 20 0
28 87 21 0
28 87 22 0
28 87 23 0
28 87 24 0
28 87 25 1
28 88 15 7
28 88 16 7
28 88 17 0
28 88 18 0
28 88 19 0
28 88 20 0
28 88 21 0
28 88 22 0
28 88 23 0
28 88 24 0
28 88 25 1
28 89 17 7
28 89 18 0
28 89 19 0
28 89 20 0
28 89 21 0
28 89 22 0
28 89 23 0
28 89 24 0
28 89 25 1
28 90 18 4
28 90 19 0
28 90 20 0
28 90 21 0
28 90 22 4
28 90 23 0
28 90 24 0
28 90 25 1
28 91 19 5
28 91 20 7
28 91 21 7
28 91 22 7
28 91 23 0
28 91 24 0
28 91 25 1
28 92 22 5
28 92 23 0
28 92 24 0
28 92 25 1
28 93 23 1
28 93 24 0
28 93 25 1
28 94 23 7
28 94 24 0
28 94 25 1
28 95 23 7
28 95 24 0
28 95 25 1
28 96 24 7
28 96 25 1
29 64 24 7
29 64 25 1
29 65 24 7
29 65 25 1
29 66 24 7
29 66 25 1
29 67 19 7
29 67 20 1
29 67 21 5
29 67 22 5
29 67 23 5
29 67 24 7
29 67 25 1
29 68 18 7
29 68 19 0
29 68 20 0
29 68 21 0
29 68 22 5
29 68 23 7
29 68 24 1
29 68 25 1
29 69 18 7
29 69 19 0
29 69 20 0
29 69 21 0
29 69 22 0
29 69 23 7
29 69 24 1
29 69 25 1
29 70 16 7
29 70 17 7
29 70 18 0
29 70 19 0
29 70 20 0
29 70 21 0
29 70 22 0
29 70 23 1
29 70 24 1
29 71 14 7
29 71 15 5
29 71 16 0
29 71 17 0
29 71 18 0
29 71 19 0
29 71 20 0
29 71 21 0
29 71 22 0
29 71 23 1
29 72 13 7
29 72 14 0
29 72 15 0
29 72 16 0
29 72 17 0
29 72 18 0
29 72 19 0
29 72 20 0
29 72 21 0
29 72 22 0
29 72 23 7
29 73 12 7
29 73 13 0
29 73 14 0
29 73 15 0
29 73 16 0
29 73 17 0
29 73 18 0
29 73 19 0
29 73 20 0
29 73 21 0
29 73 22 0
29 73 23 0
29 73 24 1
29 74 11 7
29 74 12 0
29 74 13 0
29 74 14 0
29 74 15 0
29 74 16 0
29 74 17 0
29 74 18 0
29 74 19 0
29 74 20 0
29 74 21 0
29 74 22 0
29 74 23 0
29 74 24 1
29 75 10 7
29 75 11 0
29 75 12 0
29 75 13 0
29 75 14 0
29 75 15 0
29 75 16 0
29 75 17 0
29 75 18 0
29 75 19 0
29 75 20 0
29 75 21 0
29 75 22 0
29 75 23 0
29 75 24 0
29 75 25 1
29 76 10 7
29 76 11 0
29 76 12 0
29 76 13 0
29 76 14 0
29 76 15 0
29 76 16 0
29 76 17 0
29 76 18 0
29 76 19 0
29 76 20 0
29 76 21 0
29 76 22 0
29 76 23 0
29 76 24 0
29 76 25 1
29 77 10 7
29 77 11 0
29 77 12 0
29 77 13 0
29 77 14 0
29 77 15 0
29 77 16 0
29 77 17 0
29 77 18 0
29 77 19 0
29 77 20 0
29 77 21 0
29 77 22 0
29 77 23 0
29 77 24 0
29 77 25 1
29 78 10 7
29 78 11 0
29 78 12 0
29 78 13 0
29 78 14 0
29 78 15 0
29 78 16 0
29 78 17 0
29 78 18 0
29 78 19 0
29 78 20 0
29 78 21 0
29 78 22 0
29 78 23 0
29 78 24 0
29 78 25 1
29 79 10 7
29 79 11 0
29 79 12 0
29 79 13 0
29 79 14 0
29 79 15 0
29 79 16 0
29 79 17 0
29 79 18 0
29 79 19 0
29 79 20 0
29 79 21 0
29 79 22 0
29 79 23 0
29 79 24 0
29 79 25 1
29 80 10 7
29 80 11 0
29 80 12 0
29 80 13 0
29 80 14 0
29 80 15 0
29 80 16 0
29 80 17 0
29 80 18 0
29 80 19 0
29 80 20 0
29 80 21 0
29 80 22 0
29 80 23 0
29 80 24 0
29 80 25 1
29 81 10 7
29 81 11 0
29 81 12 0
29 81 13 0
29 81 14 0
29 81 15 0
29 81 16 0
29 81 17 0
29 81 18 0
29 81 19 0
29 81 20 0
29 81 21 0
29 81 22 0
29 81 23 0
29 81 24 0
29 81 25 1
29 82 10 7
29 82 11 0
29 82 12 0
29 82 13 0
29 82 14 0
29 82 15 0
29 82 16 0
29 82 17 0
29 82 18 0
29 82 19 0
29 82 20 0
29 82 21 0
29 82 22 0
29 82 23 0
29 82 24 0
29 82 25 1
29 83 10 7
29 83 11 0
29 83 12 0
29 83 13 0
29 83 14 0
29 83 15 0
29 83 16 0
29 83 17 0
29 83 18 0
29 83 19 0
29 83 20 0
29 83 21 0
29 83 22 0
29 83 23 0
29 83 24 0
29 83 25 1
29 84 11 7
29 84 12 0
29 84 13 0
29 84 14 0
29 84 15 0
29 84 16 0
29 84 17 0
29 84 18 0
29 84 19 0
29 84 20 0
29 84 21 0
29 84 22 0
29 84 23 0
29 84 24 1
29 85 12 7
29 85 13 0
29 85 14 0
29 85 15 0
29 85 16 0
29 85 17 0
29 85 18 0
29 85 19 0
29 85 20 0
29 85 21 0
29 85 22 0
29 85 23 0
29 85 24 1
29 86 12 7
29 86 13 0
29 86 14 0
29 86 15 0
29 86 16 0
29 86 17 0
29 86 18 0
29 86 19 0
29 86 20 0
29 86 21 0
29 86 22 0
29 86 23 7
29 87 13 7
29 87 14 7
29 87 15 0
29 87 16 0
29 87 17 0
29 87 18 0
29 87 19 0
29 87 20 0
29 87 21 0
29 87 22 0
29 87 23 5
29 87 24 1
29 88 15 7
29 88 16 7
29 88 17 0
29 88 18 0
29 88 19 0
29 88 20 0
29 88 21 0
29 88 22 5
29 88 23 5
29 88 24 1
29 88 25 1
29 89 17 4
29 89 18 0
29 89 19 0
29 89 20 0
29 89 21 0
29 89 22 5
29 89 23 7
29 89 24 0
29 89 25 1
29 90 18 5
29 90 19 5
29 90 20 4
29 90 21 7
29 90 23 7
29 90 24 0
29 90 25 1
29 91 23 7
29 91 24 0
29 91 25 7
29 92 23 5
29 92 24 0
29 92 25 1
29 93 23 7
29 93 24 0
29 93 25 1
29 94 23 7
29 94 24 0
29 94 25 7
29 95 23 7
29 95 24 0
29 95 25 1
29 96 24 7
30 67 19 5
30 67 21 5
30 68 19 5
30 68 20 5
30 68 21 5
30 69 17 7
30 69 18 5
30 69 19 0
30 69 20 0
30 69 21 0
30 69 22 1
30 70 15 5
30 70 16 5
30 70 17 0
30 70 18 0
30 70 19 0
30 70 20 0
30 70 21 0
30 70 22 1
30 71 14 7
30 71 15 0
30 71 16 0
30 71 17 0
30 71 18 0
30 71 19 0
30 71 20 0
30 71 21 0
30 71 22 0
30 71 23 1
30 72 13 7
30 72 14 0
30 72 15 0
30 72 16 0
30 72 17 0
30 72 18 0
30 72 19 0
30 72 20 0
30 72 21 0
30 72 22 0
30 72 23 1
30 73 12 7
30 73 13 0
30 73 14 0
30 73 15 0
30 73 16 0
30 73 17 0
30 73 18 0
30 73 19 0
30 73 20 0
30 73 21 0
30 73 22 0
30 73 23 0
30 73 24 1
30 74 11 7
30 74 12 0
30 74 13 0
30 74 14 0
30 74 15 0
30 74 16 0
30 74 17 0
30 74 18 0
30 74 19 0
30 74 20 0
30 74 21 0
30 74 22 0
30 74 23 0
30 74 24 1
30 75 10 7
30 75 11 0
30 75 12 0
30 75 13 0
30 75 14 0
30 75 15 0
30 75 16 0
30 75 17 0
30 75 18 0
30 75 19 0
30 75 20 0
30 75 21 0
30 75 22 0
30 75 23 0
30 75 24 0
30 75 25 1
30 76 10 1
30 76 11 0
30 76 12 0
30 76 13 0
30 76 14 0
30 76 15 0
30 76 16 0
30 76 17 0
30 76 18 0
30 76 19 0
30 76 20 0
30 76 21 0
30 76 22 0
30 76 23 0
30 76 24 0
30 76 25 1
30 77 10 1
30 77 11 0
30 77 12 0
30 77 13 0
30 77 14 0
30 77 15 0
30 77 16 0
30 77 17 0
30 77 18 0
30 77 19 0
30 77 20 0
30 77 21 0
30 77 22 0
30 77 23 0
30 77 24 0
30 77 25 1
30 78 10 1
30 78 11 0
30 78 12 0
30 78 13 0
30 78 14 0
30 78 15 0
30 78 16 0
30 78 17 0
30 78 18 0
30 78 19 0
30 78 20 0
30 78 21 0
30 78 22 0
30 78 23 0
30 78 24 0
30 78 25 1
30 79 10 1
30 79 11 0
30 79 12 0
30 79 13 0
30 79 14 0
30 79 15 0
30 79 16 0
30 79 17 0
30 79 18 0
30 79 19 0
30 79 20 0
30 79 21 0
30 79 22 0
30 79 23 0
30 79 24 0
30 79 25 1
30 80 10 1
30 80 11 0
30 80 12 0
30 80 13 0
30 80 14 0
30 80 15 0
30 80 16 0
30 80 17 0
30 80 18 0
30 80 19 0
30 80 20 0
30 80 21 0
30 80 22 0
30 80 23 0
30 80 24 0
30 80 25 1
30 81 10 1
30 81 11 0
30 81 12 0
30 81 13 0
30 81 14 0
30 81 15 0
30 81 16 0
30 81 17 0
30 81 18 0
30 81 19 0
30 81 20 0
30 81 21 0
30 81 22 0
30 81 23 0
30 81 24 0
30 81 25 1
30 82 10 1
30 82 11 0
30 82 12 0
30 82 13 0
30 82 14 0
30 82 15 0
30 82 16 0
30 82 17 0
30 82 18 0
30 82 19 0
30 82 20 0
30 82 21 0
30 82 22 0
30 82 23 0
30 82 24 0
30 82 25 1
30 83 10 7
30 83 11 0
30 83 12 0
30 83 13 0
30 83 14 0
30 83 15 0
30 83 16 0
30 83 17 0
30 83 18 0
30 83 19 0
30 83 20 0
30 83 21 0
30 83 22 0
30 83 23 0
30 83 24 0
30 83 25 1
30 84 11 7
30 84 12 0
30 84 13 0
30 84 14 0
30 84 15 0
30 84 16 0
30 84 17 0
30 84 18 0
30 84 19 0
30 84 20 0
30 84 21 0
30 84 22 0
30 84 23 0
30 84 24 1
30 85 12 1
30 85 13 0
30 85 14 0
30 85 15 0
30 85 16 0
30 85 17 0
30 85 18 0
30 85 19 0
30 85 20 0
30 85 21 0
30 85 22 0
30 85 23 0
30 85 24 1
30 86 12 7
30 86 13 0
30 86 14 0
30 86 15 0
30 86 16 0
30 86 17 0
30 86 18 0
30 86 19 0
30 86 20 0
30 86 21 0
30 86 22 0
30 86 23 5
30 87 13 5
30 87 14 7
30 87 15 0
30 87 16 0
30 87 17 0
30 87 18 0
30 87 19 0
30 87 20 0
30 87 21 0
30 87 22 7
30 88 15 7
30 88 16 7
30 88 17 0
30 88 18 0
30 88 19 0
30 88 20 0
30 88 21 7
30 89 17 7
30 89 18 7
30 89 19 5
30 89 20 0
30 89 21 5
30 89 24 1
30 89 25 1
30 90 20 7
30 90 24 7
30 90 25 1
30 91 24 7
30 91 25 1
30 92 24 7
30 93 24 7
30 93 25 1
30 94 24 7
30 94 25 1
30 95 24 7
30 95 25 1
31 67 19 5
31 68 19 7
31 68 20 5
31 69 17 7
31 69 18 7
31 69 19 0
31 69 20 0
31 69 21 5
31 70 15 5
31 70 16 7
31 70 17 0
31 70 18 0
31 70 19 0
31 70 20 0
31 70 21 0
31 70 22 1
31 71 14 7
31 71 15 0
31 71 16 0
31 71 17 0
31 71 18 0
31 71 19 0
31 71 20 0
31 71 21 0
31 71 22 7
31 72 13 7
31 72 14 0
31 72 15 0
31 72 16 0
31 72 17 0
31 72 18 0
31 72 19 0
31 72 20 0
31 72 21 0
31 72 22 0
31 72 23 1
31 73 12 7
31 73 13 0
31 73 14 0
31 73 15 0
31 73 16 0
31 73 17 0
31 73 18 0
31 73 19 0
31 73 20 0
31 73 21 0
31 73 22 0
31 73 23 0
31 73 24 1
31 74 11 7
31 74 12 0
31 74 13 0
31 74 14 0
31 74 15 0
31 74 16 0
31 74 17 0
31 74 18 0
31 74 19 0
31 74 20 0
31 74 21 0
31 74 22 0
31 74 23 0
31 74 24 1
31 75 10 7
31 75 11 0
31 75 12 0
31 75 13 0
31 75 14 0
31 75 15 0
31 75 16 0
31 75 17 0
31 75 18 0
31 75 19 0
31 75 20 0
31 75 21 0
31 75 22 0
31 75 23 0
31 75 24 0
31 75 25 1
31 76 10 1
31 76 11 0
31 76 12 0
31 76 13 0
31 76 14 0
31 76 15 0
31 76 16 0
31 76 17 0
31 76 18 0
31 76 19 0
31 76 20 0
31 76 21 0
31 76 22 0
31 76 23 0
31 76 24 0
31 76 25 1
31 77 9 7
31 77 10 0
31 77 11 0
31 77 12 0
31 77 13 0
31 77 14 0
31 77 15 0
31 77 16 0
31 77 17 0
31 77 18 0
31 77 19 0
31 77 20 0
31 77 21 0
31 77 22 0
31 77 23 0
31 77 24 0
31 77 25 1
31 78 9 7
31 78 10 0
31 78 11 0
31 78 12 0
31 78 13 0
31 78 14 0
31 78 15 0
31 78 16 0
31 78 17 0
31 78 18 0
31 78 19 0
31 78 20 0
31 78 21 0
31 78 22 0
31 78 23 0
31 78 24 0
31 78 25 1
31 79 9 7
31 79 10 0
31 79 11 0
31 79 12 0
31 79 13 0
31 79 14 0
31 79 15 0
31 79 16 0
31 79 17 0
31 79 18 0
31 79 19 0
31 79 20 0
31 79 21 0
31 79 22 0
31 79 23 0
31 79 24 0
31 79 25 1
31 80 9 7
31 80 10 0
31 80 11 0
31 80 12 0
31 80 13 0
31 80 14 0
31 80 15 0
31 80 16 0
31 80 17 0
31 80 18 0
31 80 19 0
31 80 20 0
31 80 21 0
31 80 22 0
31 80 23 0
31 80 24 0
31 80 25 1
31 81 9 7
31 81 10 0
31 81 11 0
31 81 12 0
31 81 13 0
31 81 14 0
31 81 15 0
31 81 16 0
31 81 17 0
31 81 18 0
31 81 19 0
31 81 20 0
31 81 21 0
31 81 22 0
31 81 23 0
31 81 24 0
31 81 25 1
31 82 10 1
31 82 11 0
31 82 12 0
31 82 13 0
31 82 14 0
31 82 15 0
31 82 16 0
31 82 17 0
31 82 18 0
31 82 19 0
31 82 20 0
31 82 21 0
31 82 22 0
31 82 23 0
31 82 24 0
31 82 25 1
31 83 10 7
31 83 11 0
31 83 12 0
31 83 13 0
31 83 14 0
31 83 15 0
31 83 16 0
31 83 17 0
31 83 18 0
31 83 19 0
31 83 20 0
31 83 21 0
31 83 22 0
31 83 23 0
31 83 24 0
31 83 25 1
31 84 11 7
31 84 12 0
31 84 13 0
31 84 14 0
31 84 15 0
31 84 16 0
31 84 17 0
31 84 18 0
31 84 19 0
31 84 20 0
31 84 21 0
31 84 22 0
31 84 23 0
31 84 24 1
31 85 12 1
31 85 13 0
31 85 14 0
31 85 15 0
31 85 16 0
31 85 17 0
31 85 18 0
31 85 19 0
31 85 20 0
31 85 21 0
31 85 22 0
31 85 23 1
31 86 12 7
31 86 13 7
31 86 14 0
31 86 15 0
31 86 16 0
31 86 17 0
31 86 18 0
31 86 19 0
31 86 20 0
31 86 21 0
31 86 22 1
31 86 23 1
31 87 14 7
31 87 15 0
31 87 16 0
31 87 17 0
31 87 18 0
31 87 19 0
31 87 20 0
31 87 21 7
31 88 15 7
31 88 16 7
31 88 17 0
31 88 18 0
31 88 19 0
31 88 20 7
31 89 17 7
31 89 18 0
31 89 19 5
31 89 20 1
31 90 18 7
32 67 20 1
32 68 18 7
32 68 19 5
32 68 20 5
32 69 17 7
32 69 18 0
32 69 19 0
32 69 20 0
32 69 21 5
32 70 15 5
32 70 16 7
32 70 17 0
32 70 18 0
32 70 19 0
32 70 20 0
32 70 21 0
32 70 22 1
32 71 14 7
32 71 15 0
32 71 16 0
32 71 17 0
32 71 18 0
32 71 19 0
32 71 20 0
32 71 21 0
32 71 22 1
32 72 13 7
32 72 14 0
32 72 15 0
32 72 16 0
32 72 17 0
32 72 18 0
32 72 19 0
32 72 20 0
32 72 21 0
32 72 22 0
32 72 23 1
32 73 12 7
32 73 13 0
32 73 14 0
32 73 15 0
32 73 16 0
32 73 17 0
32 73 18 0
32 73 19 0
32 73 20 0
32 73 21 0
32 73 22 0
32 73 23 0
32 73 24 1
32 74 11 7
32 74 12 0
32 74 13 0
32 74 14 0
32 74 15 0
32 74 16 0
32 74 17 0
32 74 18 0
32 74 19 0
32 74 20 0
32 74 21 0
32 74 22 0
32 74 23 0
32 74 24 1
32 75 10 7
32 75 11 0
32 75 12 0
32 75 13 0
32 75 14 0
32 75 15 0
32 75 16 0
32 75 17 0
32 75 18 0
32 75 19 0
32 75 20 0
32 75 21 0
32 75 22 0
32 75 23 0
32 75 24 0
32 75 25 1
32 76 10 1
32 76 11 0
32 76 12 0
32 76 13 0
32 76 14 0
32 76 15 0
32 76 16 0
32 76 17 0
32 76 18 0
32 76 19 0
32 76 20 0
32 76 21 0
32 76 22 0
32 76 23 0
32 76 24 0
32 76 25 1
32 77 9 7
32 77 10 0
32 77 11 0
32 77 12 0
32 77 13 0
32 77 14 0
32 77 15 0
32 77 16 0
32 77 17 0
32 77 18 0
32 77 19 0
32 77 20 0
32 77 21 0
32 77 22 0
32 77 23 0
32 77 24 0
32 77 25 1
32 78 9 1
32 78 10 0
32 78 11 0
32 78 12 0
32 78 13 0
32 78 14 0
32 78 15 0
32 78 16 0
32 78 17 0
32 78 18 0
32 78 19 0
32 78 20 0
32 78 21 0
32 78 22 0
32 78 23 0
32 78 24 0
32 78 25 1
32 79 9 1
32 79 10 0
32 79 11 0
32 79 12 0
32 79 13 0
32 79 14 0
32 79 15 0
32 79 16 0
32 79 17 0
32 79 18 0
32 79 19 0
32 79 20 0
32 79 21 0
32 79 22 0
32 79 23 0
32 79 24 0
32 79 25 1
32 80 9 1
32 80 10 0
32 80 11 0
32 80 12 0
32 80 13 0
32 80 14 0
32 80 15 0
32 80 16 0
32 80 17 0
32 80 18 0
32 80 19 0
32 80 20 0
32 80 21 0
32 80 22 0
32 80 23 0
32 80 24 0
32 80 25 1
32 81 9 7
32 81 10 0
32 81 11 0
32 81 12 0
32 81 13 0
32 81 14 0
32 81 15 0
32 81 16 0
32 81 17 0
32 81 18 0
32 81 19 0
32 81 20 0
32 81 21 0
32 81 22 0
32 81 23 0
32 81 24 0
32 81 25 1
32 82 10 1
32 82 11 0
32 82 12 0
32 82 13 0
32 82 14 0
32 82 15 0
32 82 16 0
32 82 17 0
32 82 18 0
32 82 19 0
32 82 20 0
32 82 21 0
32 82 22 0
32 82 23 0
32 82 24 0
32 82 25 1
32 83 10 7
32 83 11 0
32 83 12 0
32 83 13 0
32 83 14 0
32 83 15 0
32 83 16 0
32 83 17 0
32 83 18 0
32 83 19 0
32 83 20 0
32 83 21 0
32 83 22 0
32 83 23 0
32 83 24 1
32 84 11 7
32 84 12 0
32 84 13 0
32 84 14 0
32 84 15 0
32 84 16 0
32 84 17 0
32 84 18 0
32 84 19 0
32 84 20 0
32 84 21 0
32 84 22 0
32 84 23 0
32 84 24 1
32 85 12 1
32 85 13 0
32 85 14 0
32 85 15 0
32 85 16 0
32 85 17 0
32 85 18 0
32 85 19 0
32 85 20 0
32 85 21 0
32 85 22 0
32 85 23 1
32 86 12 7
32 86 13 7
32 86 14 0
32 86 15 0
32 86 16 0
32 86 17 0
32 86 18 0
32 86 19 0
32 86 20 0
32 86 21 0
32 86 22 1
32 87 14 7
32 87 15 0
32 87 16 0
32 87 17 0
32 87 18 0
32 87 19 0
32 87 20 0
32 87 21 7
32 88 15 7
32 88 16 7
32 88 17 0
32 88 18 0
32 88 19 0
32 88 20 1
32 89 17 7
32 89 18 0
32 89 19 7
32 90 18 5
32 90 19 7
33 68 18 7
33 68 19 5
33 69 16 7
33 69 17 7
33 69 18 0
33 69 19 0
33 69 20 7
33 70 15 5
33 70 16 0
33 70 17 0
33 70 18 0
33 70 19 0
33 70 20 0
33 70 21 1
33 70 22 1
33 71 14 7
33 71 15 0
33 71 16 0
33 71 17 0
33 71 18 0
33 71 19 0
33 71 20 0
33 71 21 0
33 71 22 1
33 72 13 7
33 72 14 0
33 72 15 0
33 72 16 0
33 72 17 0
33 72 18 0
33 72 19 0
33 72 20 0
33 72 21 0
33 72 22 0
33 72 23 1
33 73 12 7
33 73 13 0
33 73 14 0
33 73 15 0
33 73 16 0
33 73 17 0
33 73 18 0
33 73 19 0
33 73 20 0
33 73 21 0
33 73 22 0
33 73 23 1
33 74 10 7
33 74 11 7
33 74 12 0
33 74 13 0
33 74 14 0
33 74 15 0
33 74 16 0
33 74 17 0
33 74 18 0
33 74 19 0
33 74 20 0
33 74 21 0
33 74 22 0
33 74 23 0
33 74 24 1
33 75 10 7
33 75 11 0
33 75 12 0
33 75 13 0
33 75 14 0
33 75 15 0
33 75 16 0
33 75 17 0
33 75 18 0
33 75 19 0
33 75 20 0
33 75 21 0
33 75 22 0
33 75 23 0
33 75 24 1
33 76 10 1
33 76 11 0
33 76 12 0
33 76 13 0
33 76 14 0
33 76 15 0
33 76 16 0
33 76 17 0
33 76 18 0
33 76 19 0
33 76 20 0
33 76 21 0
33 76 22 0
33 76 23 0
33 76 24 1
33 77 9 7
33 77 10 0
33 77 11 0
33 77 12 0
33 77 13 0
33 77 14 0
33 77 15 0
33 77 16 0
33 77 17 0
33 77 18 0
33 77 19 0
33 77 20 0
33 77 21 0
33 77 22 0
33 77 23 0
33 77 24 1
33 78 9 1
33 78 10 0
33 78 11 0
33 78 12 0
33 78 13 0
33 78 14 0
33 78 15 0
33 78 16 0
33 78 17 0
33 78 18 0
33 78 19 0
33 78 20 0
33 78 21 0
33 78 22 0
33 78 23 0
33 78 24 1
33 79 8 7
33 79 9 0
33 79 10 0
33 79 11 0
33 79 12 0
33 79 13 0
33 79 14 0
33 79 15 0
33 79 16 0
33 79 17 0
33 79 18 0
33 79 19 0
33 79 20 0
33 79 21 0
33 79 22 0
33 79 23 0
33 79 24 7
33 80 9 7
33 80 10 0
33 80 11 0
33 80 12 0
33 80 13 0
33 80 14 0
33 80 15 0
33 80 16 0
33 80 17 0
33 80 18 0
33 80 19 0
33 80 20 0
33 80 21 0
33 80 22 0
33 80 23 0
33 80 24 7
33 81 9 7
33 81 10 0
33 81 11 0
33 81 12 0
33 81 13 0
33 81 14 0
33 81 15 0
33 81 16 0
33 81 17 0
33 81 18 0
33 81 19 0
33 81 20 0
33 81 21 0
33 81 22 0
33 81 23 0
33 81 24 0
33 81 25 1
33 82 10 1
33 82 11 0
33 82 12 0
33 82 13 0
33 82 14 0
33 82 15 0
33 82 16 0
33 82 17 0
33 82 18 0
33 82 19 0
33 82 20 0
33 82 21 0
33 82 22 0
33 82 23 0
33 82 24 1
33 83 10 7
33 83 11 0
33 83 12 0
33 83 13 0
33 83 14 0
33 83 15 0
33 83 16 0
33 83 17 0
33 83 18 0
33 83 19 0
33 83 20 0
33 83 21 0
33 83 22 0
33 83 23 0
33 83 24 1
33 84 11 7
33 84 12 0
33 84 13 0
33 84 14 0
33 84 15 0
33 84 16 0
33 84 17 0
33 84 18 0
33 84 19 0
33 84 20 0
33 84 21 0
33 84 22 0
33 84 23 1
33 85 12 1
33 85 13 0
33 85 14 0
33 85 15 0
33 85 16 0
33 85 17 0
33 85 18 0
33 85 19 0
33 85 20 0
33 85 21 0
33 85 22 0
33 85 23 1
33 86 12 7
33 86 13 7
33 86 14 0
33 86 15 0
33 86 16 0
33 86 17 0
33 86 18 0
33 86 19 0
33 86 20 0
33 86 21 7
33 86 22 7
33 87 14 7
33 87 15 0
33 87 16 0
33 87 17 0
33 87 18 0
33 87 19 0
33 87 20 7
33 88 15 7
33 88 16 7
33 88 17 0
33 88 18 0
33 88 19 7
33 89 17 7
33 89 18 0
33 89 19 7
33 90 18 7
34 68 18 7
34 68 19 5
34 69 17 7
34 69 18 0
34 69 19 0
34 69 20 1
34 69 21 1
34 70 15 5
34 70 16 7
34 70 17 0
34 70 18 0
34 70 19 0
34 70 20 0
34 70 21 7
34 71 14 7
34 71 15 0
34 71 16 0
34 71 17 0
34 71 18 0
34 71 19 0
34 71 20 0
34 71 21 0
34 71 22 1
34 72 13 7
34 72 14 0
34 72 15 0
34 72 16 0
34 72 17 0
34 72 18 0
34 72 19 0
34 72 20 0
34 72 21 0
34 72 22 0
34 72 23 1
34 73 11 5
34 73 12 7
34 73 13 0
34 73 14 0
34 73 15 0
34 73 16 0
34 73 17 0
34 73 18 0
34 73 19 0
34 73 20 0
34 73 21 0
34 73 22 0
34 73 23 1
34 74 10 7
34 74 11 0
34 74 12 0
34 74 13 0
34 74 14 0
34 74 15 0
34 74 16 0
34 74 17 0
34 74 18 0
34 74 19 0
34 74 20 0
34 74 21 0
34 74 22 0
34 74 23 1
34 75 10 1
34 75 11 0
34 75 12 0
34 75 13 0
34 75 14 0
34 75 15 0
34 75 16 0
34 75 17 0
34 75 18 0
34 75 19 0
34 75 20 0
34 75 21 0
34 75 22 0
34 75 23 0
34 75 24 1
34 76 9 7
34 76 10 0
34 76 11 0
34 76 12 0
34 76 13 0
34 76 14 0
34 76 15 0
34 76 16 0
34 76 17 0
34 76 18 0
34 76 19 0
34 76 20 0
34 76 21 0
34 76 22 0
34 76 23 0
34 76 24 1
34 77 9 1
34 77 10 0
34 77 11 0
34 77 12 0
34 77 13 0
34 77 14 0
34 77 15 0
34 77 16 0
34 77 17 0
34 77 18 0
34 77 19 0
34 77 20 0
34 77 21 0
34 77 22 0
34 77 23 0
34 77 24 1
34 78 8 7
34 78 9 0
34 78 10 0
34 78 11 0
34 78 12 0
34 78 13 0
34 78 14 0
34 78 15 0
34 78 16 0
34 78 17 0
34 78 18 0
34 78 19 0
34 78 20 0
34 78 21 0
34 78 22 0
34 78 23 0
34 78 24 1
34 79 8 7
34 79 9 0
34 79 10 0
34 79 11 0
34 79 12 0
34 79 13 0
34 79 14 0
34 79 15 0
34 79 16 0
34 79 17 0
34 79 18 0
34 79 19 0
34 79 20 0
34 79 21 0
34 79 22 0
34 79 23 0
34 79 24 1
34 80 9 1
34 80 10 0
34 80 11 0
34 80 12 0
34 80 13 0
34 80 14 0
34 80 15 0
34 80 16 0
34 80 17 0
34 80 18 0
34 80 19 0
34 80 20 0
34 80 21 0
34 80 22 0
34 80 23 0
34 80 24 1
34 81 9 7
34 81 10 0
34 81 11 0
34 81 12 0
34 81 13 0
34 81 14 0
34 81 15 0
34 81 16 0
34 81 17 0
34 81 18 0
34 81 19 0
34 81 20 0
34 81 21 0
34 81 22 0
34 81 23 0
34 81 24 1
34 82 10 1
34 82 11 0
34 82 12 0
34 82 13 0
34 82 14 0
34 82 15 0
34 82 16 0
34 82 17 0
34 82 18 0
34 82 19 0
34 82 20 0
34 82 21 0
34 82 22 0
34 82 23 0
34 82 24 1
34 83 10 7
34 83 11 0
34 83 12 0
34 83 13 0
34 83 14 0
34 83 15 0
34 83 16 0
34 83 17 0
34 83 18 0
34 83 19 0
34 83 20 0
34 83 21 0
34 83 22 0
34 83 23 1
34 84 11 7
34 84 12 0
34 84 13 0
34 84 14 0
34 84 15 0
34 84 16 0
34 84 17 0
34 84 18 0
34 84 19 0
34 84 20 0
34 84 21 0
34 84 22 0
34 84 23 1
34 85 12 1
34 85 13 0
34 85 14 0
34 85 15 0
34 85 16 0
34 85 17 0
34 85 18 0
34 85 19 0
34 85 20 0
34 85 21 0
34 85 22 1
34 86 12 7
34 86 13 7
34 86 14 0
34 86 15 0
34 86 16 0
34 86 17 0
34 86 18 0
34 86 19 0
34 86 20 0
34 86 21 7
34 86 22 1
34 87 14 7
34 87 15 7
34 87 16 0
34 87 17 0
34 87 18 0
34 87 19 0
34 87 20 1
34 88 16 7
34 88 17 7
34 88 18 0
34 88 19 7
34 89 18 7
34 90 18 7
35 68 18 5
35 68 19 5
35 68 20 7
35 68 21 4
35 69 17 7
35 69 18 0
35 69 19 0
35 69 20 0
35 69 21 1
35 70 15 5
35 70 16 7
35 70 17 0
35 70 18 0
35 70 19 0
35 70 20 0
35 70 21 1
35 71 14 7
35 71 15 0
35 71 16 0
35 71 17 0
35 71 18 0
35 71 19 0
35 71 20 0
35 71 21 0
35 71 22 1
35 72 13 7
35 72 14 0
35 72 15 0
35 72 16 0
35 72 17 0
35 72 18 0
35 72 19 0
35 72 20 0
35 72 21 0
35 72 22 1
35 73 11 5
35 73 12 7
35 73 13 0
35 73 14 0
35 73 15 0
35 73 16 0
35 73 17 0
35 73 18 0
35 73 19 0
35 73 20 0
35 73 21 0
35 73 22 0
35 73 23 1
35 74 10 7
35 74 11 0
35 74 12 0
35 74 13 0
35 74 14 0
35 74 15 0
35 74 16 0
35 74 17 0
35 74 18 0
35 74 19 0
35 74 20 0
35 74 21 0
35 74 22 0
35 74 23 1
35 75 10 1
35 75 11 0
35 75 12 0
35 75 13 0
35 75 14 0
35 75 15 0
35 75 16 0
35 75 17 0
35 75 18 0
35 75 19 0
35 75 20 0
35 75 21 0
35 75 22 0
35 75 23 0
35 75 24 1
35 76 9 7
35 76 10 0
35 76 11 0
35 76 12 0
35 76 13 0
35 76 14 0
35 76 15 0
35 76 16 0
35 76 17 0
35 76 18 0
35 76 19 0
35 76 20 0
35 76 21 0
35 76 22 0
35 76 23 1
35 77 9 1
35 77 10 0
35 77 11 0
35 77 12 0
35 77 13 0
35 77 14 0
35 77 15 0
35 77 16 0
35 77 17 0
35 77 18 0
35 77 19 0
35 77 20 0
35 77 21 0
35 77 22 0
35 77 23 1
35 78 8 7
35 78 9 0
35 78 10 0
35 78 11 0
35 78 12 0
35 78 13 0
35 78 14 0
35 78 15 0
35 78 16 0
35 78 17 0
35 78 18 0
35 78 19 0
35 78 20 0
35 78 21 0
35 78 22 0
35 78 23 1
35 79 8 7
35 79 9 0
35 79 10 0
35 79 11 0
35 79 12 0
35 79 13 0
35 79 14 0
35 79 15 0
35 79 16 0
35 79 17 0
35 79 18 0
35 79 19 0
35 79 20 0
35 79 21 0
35 79 22 0
35 79 23 7
35 80 9 7
35 80 10 0
35 80 11 0
35 80 12 0
35 80 13 0
35 80 14 0
35 80 15 0
35 80 16 0
35 80 17 0
35 80 18 0
35 80 19 0
35 80 20 0
35 80 21 0
35 80 22 0
35 80 23 7
35 81 9 7
35 81 10 0
35 81 11 0
35 81 12 0
35 81 13 0
35 81 14 0
35 81 15 0
35 81 16 0
35 81 17 0
35 81 18 0
35 81 19 0
35 81 20 0
35 81 21 0
35 81 22 0
35 81 23 0
35 81 24 1
35 82 9 7
35 82 10 0
35 82 11 0
35 82 12 0
35 82 13 0
35 82 14 0
35 82 15 0
35 82 16 0
35 82 17 0
35 82 18 0
35 82 19 0
35 82 20 0
35 82 21 0
35 82 22 0
35 82 23 1
35 83 10 1
35 83 11 0
35 83 12 0
35 83 13 0
35 83 14 0
35 83 15 0
35 83 16 0
35 83 17 0
35 83 18 0
35 83 19 0
35 83 20 0
35 83 21 0
35 83 22 0
35 83 23 1
35 84 10 7
35 84 11 0
35 84 12 0
35 84 13 0
35 84 14 0
35 84 15 0
35 84 16 0
35 84 17 0
35 84 18 0
35 84 19 0
35 84 20 0
35 84 21 0
35 84 22 1
35 85 11 7
35 85 12 0
35 85 13 0
35 85 14 0
35 85 15 0
35 85 16 0
35 85 17 0
35 85 18 0
35 85 19 0
35 85 20 0
35 85 21 0
35 85 22 1
35 86 12 7
35 86 13 7
35 86 14 0
35 86 15 0
35 86 16 0
35 86 17 0
35 86 18 0
35 86 19 0
35 86 20 0
35 86 21 7
35 87 14 7
35 87 15 7
35 87 16 0
35 87 17 0
35 87 18 0
35 87 19 7
35 87 20 5
35 88 16 7
35 88 17 7
35 88 18 5
35 89 18 5
36 68 18 5
36 68 19 5
36 68 20 5
36 68 21 5
36 68 22 1
36 69 17 7
36 69 18 0
36 69 19 0
36 69 20 0
36 69 21 0
36 69 22 1
36 70 16 7
36 70 17 0
36 70 18 0
36 70 19 0
36 70 20 0
36 70 21 0
36 70 22 1
36 71 14 7
36 71 15 5
36 71 16 0
36 71 17 0
36 71 18 0
36 71 19 0
36 71 20 0
36 71 21 0
36 71 22 1
36 72 13 7
36 72 14 0
36 72 15 0
36 72 16 0
36 72 17 0
36 72 18 0
36 72 19 0
36 72 20 0
36 72 21 0
36 72 22 1
36 73 11 5
36 73 12 7
36 73 13 0
36 73 14 0
36 73 15 0
36 73 16 0
36 73 17 0
36 73 18 0
36 73 19 0
36 73 20 0
36 73 21 0
36 73 22 1
36 74 10 7
36 74 11 0
36 74 12 0
36 74 13 0
36 74 14 0
36 74 15 0
36 74 16 0
36 74 17 0
36 74 18 0
36 74 19 0
36 74 20 0
36 74 21 0
36 74 22 0
36 74 23 1
36 75 10 1
36 75 11 0
36 75 12 0
36 75 13 0
36 75 14 0
36 75 15 0
36 75 16 0
36 75 17 0
36 75 18 0
36 75 19 0
36 75 20 0
36 75 21 0
36 75 22 0
36 75 23 1
36 76 9 7
36 76 10 0
36 76 11 0
36 76 12 0
36 76 13 0
36 76 14 0
36 76 15 0
36 76 16 0
36 76 17 0
36 76 18 0
36 76 19 0
36 76 20 0
36 76 21 0
36 76 22 0
36 76 23 1
36 77 9 1
36 77 10 0
36 77 11 0
36 77 12 0
36 77 13 0
36 77 14 0
36 77 15 0
36 77 16 0
36 77 17 0
36 77 18 0
36 77 19 0
36 77 20 0
36 77 21 0
36 77 22 0
36 77 23 1
36 78 8 7
36 78 9 0
36 78 10 0
36 78 11 0
36 78 12 0
36 78 13 0
36 78 14 0
36 78 15 0
36 78 16 0
36 78 17 0
36 78 18 0
36 78 19 0
36 78 20 0
36 78 21 0
36 78 22 0
36 78 23 1
36 79 8 7
36 79 9 0
36 79 10 0
36 79 11 0
36 79 12 0
36 79 13 0
36 79 14 0
36 79 15 0
36 79 16 0
36 79 17 0
36 79 18 0
36 79 19 0
36 79 20 0
36 79 21 0
36 79 22 0
36 79 23 1
36 80 8 7
36 80 9 0
36 80 10 0
36 80 11 0
36 80 12 0
36 80 13 0
36 80 14 0
36 80 15 0
36 80 16 0
36 80 17 0
36 80 18 0
36 80 19 0
36 80 20 0
36 80 21 0
36 80 22 0
36 80 23 1
36 81 9 1
36 81 10 0
36 81 11 0
36 81 12 0
36 81 13 0
36 81 14 0
36 81 15 0
36 81 16 0
36 81 17 0
36 81 18 0
36 81 19 0
36 81 20 0
36 81 21 0
36 81 22 0
36 81 23 1
36 82 9 7
36 82 10 0
36 82 11 0
36 82 12 0
36 82 13 0
36 82 14 0
36 82 15 0
36 82 16 0
36 82 17 0
36 82 18 0
36 82 19 0
36 82 20 0
36 82 21 0
36 82 22 0
36 82 23 1
36 83 10 1
36 83 11 0
36 83 12 0
36 83 13 0
36 83 14 0
36 83 15 0
36 83 16 0
36 83 17 0
36 83 18 0
36 83 19 0
36 83 20 0
36 83 21 0
36 83 22 1
36 84 10 7
36 84 11 0
36 84 12 0
36 84 13 0
36 84 14 0
36 84 15 0
36 84 16 0
36 84 17 0
36 84 18 0
36 84 19 0
36 84 20 0
36 84 21 0
36 84 22 1
36 85 11 7
36 85 12 5
36 85 13 0
36 85 14 0
36 85 15 0
36 85 16 0
36 85 17 0
36 85 18 0
36 85 19 0
36 85 20 0
36 85 21 0
36 85 22 1
36 86 13 7
36 86 14 0
36 86 15 0
36 86 16 0
36 86 17 0
36 86 18 0
36 86 19 0
36 86 20 0
36 86 21 1
36 87 14 7
36 87 15 7
36 87 16 0
36 87 17 0
36 87 18 7
36 87 19 7
36 87 20 7
36 87 21 1
36 88 16 7
36 88 17 7
37 67 19 5
37 67 20 5
37 67 21 1
37 67 22 1
37 68 18 5
37 68 19 0
37 68 20 0
37 68 21 0
37 68 22 0
37 68 23 1
37 69 17 7
37 69 18 0
37 69 19 0
37 69 20 0
37 69 21 0
37 69 22 0
37 69 23 1
37 70 16 7
37 70 17 0
37 70 18 0
37 70 19 0
37 70 20 0
37 70 21 0
37 70 22 0
37 70 23 1
37 71 14 7
37 71 15 7
37 71 16 0
37 71 17 0
37 71 18 0
37 71 19 0
37 71 20 0
37 71 21 0
37 71 22 0
37 71 23 1
37 72 12 5
37 72 13 7
37 72 14 0
37 72 15 0
37 72 16 0
37 72 17 0
37 72 18 0
37 72 19 0
37 72 20 0
37 72 21 0
37 72 22 1
37 73 11 7
37 73 12 0
37 73 13 0
37 73 14 0
37 73 15 0
37 73 16 0
37 73 17 0
37 73 18 0
37 73 19 0
37 73 20 0
37 73 21 0
37 73 22 1
37 74 10 7
37 74 11 0
37 74 12 0
37 74 13 0
37 74 14 0
37 74 15 0
37 74 16 0
37 74 17 0
37 74 18 0
37 74 19 0
37 74 20 0
37 74 21 0
37 74 22 1
37 75 9 7
37 75 10 0
37 75 11 0
37 75 12 0
37 75 13 0
37 75 14 0
37 75 15 0
37 75 16 0
37 75 17 0
37 75 18 0
37 75 19 0
37 75 20 0
37 75 21 0
37 75 22 0
37 75 23 1
37 76 9 1
37 76 10 0
37 76 11 0
37 76 12 0
37 76 13 0
37 76 14 0
37 76 15 0
37 76 16 0
37 76 17 0
37 76 18 0
37 76 19 0
37 76 20 0
37 76 21 0
37 76 22 0
37 76 23 1
37 77 8 7
37 77 9 0
37 77 10 0
37 77 11 0
37 77 12 0
37 77 13 0
37 77 14 0
37 77 15 0
37 77 16 0
37 77 17 0
37 77 18 0
37 77 19 0
37 77 20 0
37 77 21 0
37 77 22 1
37 78 8 7
37 78 9 0
37 78 10 0
37 78 11 0
37 78 12 0
37 78 13 0
37 78 14 0
37 78 15 0
37 78 16 0
37 78 17 0
37 78 18 0
37 78 19 0
37 78 20 0
37 78 21 0
37 78 22 1
37 79 8 1
37 79 9 0
37 79 10 0
37 79 11 0
37 79 12 0
37 79 13 0
37 79 14 0
37 79 15 0
37 79 16 0
37 79 17 0
37 79 18 0
37 79 19 0
37 79 20 0
37 79 21 0
37 79 22 1
37 80 8 7
37 80 9 0
37 80 10 0
37 80 11 0
37 80 12 0
37 80 13 0
37 80 14 0
37 80 15 0
37 80 16 0
37 80 17 0
37 80 18 0
37 80 19 0
37 80 20 0
37 80 21 0
37 80 22 7
37 81 9 7
37 81 10 0
37 81 11 0
37 81 12 0
37 81 13 0
37 81 14 0
37 81 15 0
37 81 16 0
37 81 17 0
37 81 18 0
37 81 19 0
37 81 20 0
37 81 21 0
37 81 22 7
37 82 9 7
37 82 10 0
37 82 11 0
37 82 12 0
37 82 13 0
37 82 14 0
37 82 15 0
37 82 16 0
37 82 17 0
37 82 18 0
37 82 19 0
37 82 20 0
37 82 21 0
37 82 22 0
37 82 23 1
37 83 9 7
37 83 10 0
37 83 11 0
37 83 12 0
37 83 13 0
37 83 14 0
37 83 15 0
37 83 16 0
37 83 17 0
37 83 18 0
37 83 19 0
37 83 20 0
37 83 21 0
37 83 22 1
37 84 10 7
37 84 11 0
37 84 12 0
37 84 13 0
37 84 14 0
37 84 15 0
37 84 16 0
37 84 17 0
37 84 18 0
37 84 19 0
37 84 20 0
37 84 21 0
37 84 22 1
37 85 11 5
37 85 12 7
37 85 13 0
37 85 14 0
37 85 15 0
37 85 16 0
37 85 17 0
37 85 18 0
37 85 19 0
37 85 20 0
37 85 21 0
37 85 22 1
37 86 13 7
37 86 14 7
37 86 15 0
37 86 16 0
37 86 17 0
37 86 18 0
37 86 19 0
37 86 20 0
37 86 21 0
37 86 22 1
37 87 15 7
37 87 16 0
37 87 17 0
37 87 18 0
37 87 19 0
37 87 20 0
37 87 21 0
37 87 22 1
37 88 16 7
37 88 17 7
37 88 18 7
37 88 19 7
37 88 20 7
37 88 21 7
37 88 22 4
38 67 20 5
38 67 21 5
38 67 22 1
38 67 23 1
38 68 19 7
38 68 20 0
38 68 21 0
38 68 22 0
38 68 23 1
38 69 17 7
38 69 18 7
38 69 19 0
38 69 20 0
38 69 21 0
38 69 22 0
38 69 23 0
38 69 24 1
38 70 16 7
38 70 17 0
38 70 18 0
38 70 19 0
38 70 20 0
38 70 21 0
38 70 22 0
38 70 23 1
38 71 14 7
38 71 15 7
38 71 16 0
38 71 17 0
38 71 18 0
38 71 19 0
38 71 20 0
38 71 21 0
38 71 22 0
38 71 23 1
38 72 12 5
38 72 13 7
38 72 14 0
38 72 15 0
38 72 16 0
38 72 17 0
38 72 18 0
38 72 19 0
38 72 20 0
38 72 21 0
38 72 22 0
38 72 23 1
38 73 11 7
38 73 12 0
38 73 13 0
38 73 14 0
38 73 15 0
38 73 16 0
38 73 17 0
38 73 18 0
38 73 19 0
38 73 20 0
38 73 21 0
38 73 22 0
38 73 23 1
38 74 10 7
38 74 11 0
38 74 12 0
38 74 13 0
38 74 14 0
38 74 15 0
38 74 16 0
38 74 17 0
38 74 18 0
38 74 19 0
38 74 20 0
38 74 21 0
38 74 22 1
38 75 9 7
38 75 10 0
38 75 11 0
38 75 12 0
38 75 13 0
38 75 14 0
38 75 15 0
38 75 16 0
38 75 17 0
38 75 18 0
38 75 19 0
38 75 20 0
38 75 21 0
38 75 22 1
38 76 9 1
38 76 10 0
38 76 11 0
38 76 12 0
38 76 13 0
38 76 14 0
38 76 15 0
38 76 16 0
38 76 17 0
38 76 18 0
38 76 19 0
38 76 20 0
38 76 21 0
38 76 22 1
38 77 8 7
38 77 9 0
38 77 10 0
38 77 11 0
38 77 12 0
38 77 13 0
38 77 14 0
38 77 15 0
38 77 16 0
38 77 17 0
38 77 18 0
38 77 19 0
38 77 20 0
38 77 21 0
38 77 22 1
38 78 8 1
38 78 9 0
38 78 10 0
38 78 11 0
38 78 12 0
38 78 13 0
38 78 14 0
38 78 15 0
38 78 16 0
38 78 17 0
38 78 18 0
38 78 19 0
38 78 20 0
38 78 21 0
38 78 22 1
38 79 8 1
38 79 9 0
38 79 10 0
38 79 11 0
38 79 12 0
38 79 13 0
38 79 14 0
38 79 15 0
38 79 16 0
38 79 17 0
38 79 18 0
38 79 19 0
38 79 20 0
38 79 21 0
38 79 22 1
38 80 8 7
38 80 9 0
38 80 10 0
38 80 11 0
38 80 12 0
38 80 13 0
38 80 14 0
38 80 15 0
38 80 16 0
38 80 17 0
38 80 18 0
38 80 19 0
38 80 20 0
38 80 21 0
38 80 22 1
38 81 8 7
38 81 9 0
38 81 10 0
38 81 11 0
38 81 12 0
38 81 13 0
38 81 14 0
38 81 15 0
38 81 16 0
38 81 17 0
38 81 18 0
38 81 19 0
38 81 20 0
38 81 21 0
38 81 22 1
38 82 9 1
38 82 10 0
38 82 11 0
38 82 12 0
38 82 13 0
38 82 14 0
38 82 15 0
38 82 16 0
38 82 17 0
38 82 18 0
38 82 19 0
38 82 20 0
38 82 21 0
38 82 22 1
38 83 9 7
38 83 10 0
38 83 11 0
38 83 12 0
38 83 13 0
38 83 14 0
38 83 15 0
38 83 16 0
38 83 17 0
38 83 18 0
38 83 19 0
38 83 20 0
38 83 21 0
38 83 22 1
38 84 10 7
38 84 11 0
38 84 12 0
38 84 13 0
38 84 14 0
38 84 15 0
38 84 16 0
38 84 17 0
38 84 18 0
38 84 19 0
38 84 20 0
38 84 21 0
38 84 22 1
38 85 11 5
38 85 12 7
38 85 13 0
38 85 14 0
38 85 15 0
38 85 16 0
38 85 17 0
38 85 18 0
38 85 19 0
38 85 20 0
38 85 21 0
38 85 22 0
38 85 23 1
38 86 13 7
38 86 14 7
38 86 15 0
38 86 16 0
38 86 17 0
38 86 18 0
38 86 19 0
38 86 20 0
38 86 21 0
38 86 22 0
38 86 23 1
38 87 15 7
38 87 16 5
38 87 17 0
38 87 18 0
38 87 19 0
38 87 20 0
38 87 21 0
38 87 22 0
38 87 23 1
38 88 17 5
38 88 18 7
38 88 19 7
38 88 20 7
38 88 21 0
38 88 22 5
38 88 23 1
38 89 21 7
39 66 23 1
39 67 20 5
39 67 21 7
39 67 22 5
39 67 23 0
39 67 24 1
39 68 19 7
39 68 20 0
39 68 21 0
39 68 22 0
39 68 23 0
39 68 24 1
39 69 18 7
39 69 19 7
39 69 20 0
39 69 21 0
39 69 22 0
39 69 23 0
39 69 24 1
39 70 16 7
39 70 17 7
39 70 18 0
39 70 19 0
39 70 20 0
39 70 21 0
39 70 22 0
39 70 23 0
39 70 24 1
39 71 13 7
39 71 14 7
39 71 15 7
39 71 16 0
39 71 17 0
39 71 18 0
39 71 19 0
39 71 20 0
39 71 21 0
39 71 22 0
39 71 23 0
39 71 24 1
39 72 11 5
39 72 12 5
39 72 13 0
39 72 14 0
39 72 15 0
39 72 16 0
39 72 17 0
39 72 18 0
39 72 19 0
39 72 20 0
39 72 21 0
39 72 22 0
39 72 23 1
39 73 10 7
39 73 11 0
39 73 12 0
39 73 13 0
39 73 14 0
39 73 15 0
39 73 16 0
39 73 17 0
39 73 18 0
39 73 19 0
39 73 20 0
39 73 21 0
39 73 22 7
39 74 9 7
39 74 10 0
39 74 11 0
39 74 12 0
39 74 13 0
39 74 14 0
39 74 15 0
39 74 16 0
39 74 17 0
39 74 18 0
39 74 19 0
39 74 20 0
39 74 21 0
39 74 22 1
39 75 8 7
39 75 9 0
39 75 10 0
39 75 11 0
39 75 12 0
39 75 13 0
39 75 14 0
39 75 15 0
39 75 16 0
39 75 17 0
39 75 18 0
39 75 19 0
39 75 20 0
39 75 21 0
39 75 22 1
39 76 8 7
39 76 9 0
39 76 10 0
39 76 11 0
39 76 12 0
39 76 13 0
39 76 14 0
39 76 15 0
39 76 16 0
39 76 17 0
39 76 18 0
39 76 19 0
39 76 20 0
39 76 21 0
39 76 22 1
39 77 8 1
39 77 9 0
39 77 10 0
39 77 11 0
39 77 12 0
39 77 13 0
39 77 14 0
39 77 15 0
39 77 16 0
39 77 17 0
39 77 18 0
39 77 19 0
39 77 20 0
39 77 21 1
39 78 8 1
39 78 9 0
39 78 10 0
39 78 11 0
39 78 12 0
39 78 13 0
39 78 14 0
39 78 15 0
39 78 16 0
39 78 17 0
39 78 18 0
39 78 19 0
39 78 20 0
39 78 21 1
39 79 7 7
39 79 8 0
39 79 9 0
39 79 10 0
39 79 11 0
39 79 12 0
39 79 13 0
39 79 14 0
39 79 15 0
39 79 16 0
39 79 17 0
39 79 18 0
39 79 19 0
39 79 20 0
39 79 21 1
39 80 8 1
39 80 9 0
39 80 10 0
39 80 11 0
39 80 12 0
39 80 13 0
39 80 14 0
39 80 15 0
39 80 16 0
39 80 17 0
39 80 18 0
39 80 19 0
39 80 20 0
39 80 21 1
39 81 8 7
39 81 9 0
39 81 10 0
39 81 11 0
39 81 12 0
39 81 13 0
39 81 14 0
39 81 15 0
39 81 16 0
39 81 17 0
39 81 18 0
39 81 19 0
39 81 20 0
39 81 21 7
39 82 8 7
39 82 9 0
39 82 10 0
39 82 11 0
39 82 12 0
39 82 13 0
39 82 14 0
39 82 15 0
39 82 16 0
39 82 17 0
39 82 18 0
39 82 19 0
39 82 20 0
39 82 21 1
39 83 9 7
39 83 10 0
39 83 11 0
39 83 12 0
39 83 13 0
39 83 14 0
39 83 15 0
39 83 16 0
39 83 17 0
39 83 18 0
39 83 19 0
39 83 20 0
39 83 21 0
39 83 22 1
39 84 10 7
39 84 11 0
39 84 12 0
39 84 13 0
39 84 14 0
39 84 15 0
39 84 16 0
39 84 17 0
39 84 18 0
39 84 19 0
39 84 20 0
39 84 21 0
39 84 22 0
39 84 23 1
39 85 11 5
39 85 12 7
39 85 13 0
39 85 14 0
39 85 15 0
39 85 16 0
39 85 17 0
39 85 18 0
39 85 19 0
39 85 20 0
39 85 21 0
39 85 22 0
39 85 23 1
39 86 13 7
39 86 14 7
39 86 15 7
39 86 16 0
39 86 17 0
39 86 18 0
39 86 19 0
39 86 20 0
39 86 21 0
39 86 22 0
39 86 23 1
39 87 16 7
39 87 17 0
39 87 18 0
39 87 19 0
39 87 20 0
39 87 21 0
39 87 22 0
39 87 23 0
39 87 24 1
39 88 17 5
39 88 18 5
39 88 19 7
39 88 20 0
39 88 21 0
39 88 22 0
39 88 23 0
39 88 24 1
39 89 20 7
39 89 21 7
39 89 22 7
39 89 23 4
40 66 23 1
40 66 24 5
40 67 21 5
40 67 22 5
40 67 23 0
40 67 24 0
40 67 25 1
40 68 20 7
40 68 21 0
40 68 22 0
40 68 23 0
40 68 24 0
40 68 25 1
40 69 20 7
40 69 21 0
40 69 22 0
40 69 23 0
40 69 24 0
40 69 25 1
40 70 17 7
40 70 18 7
40 70 19 7
40 70 20 7
40 70 21 0
40 70 22 0
40 70 23 0
40 70 24 0
40 70 25 1
40 71 13 7
40 71 14 7
40 71 15 7
40 71 16 7
40 71 17 0
40 71 18 0
40 71 19 0
40 71 20 0
40 71 21 0
40 71 22 0
40 71 23 0
40 71 24 1
40 72 11 5
40 72 12 7
40 72 13 0
40 72 14 0
40 72 15 0
40 72 16 0
40 72 17 0
40 72 18 0
40 72 19 0
40 72 20 0
40 72 21 4
40 72 22 0
40 72 23 1
40 73 10 7
40 73 11 0
40 73 12 0
40 73 13 0
40 73 14 0
40 73 15 0
40 73 16 0
40 73 17 0
40 73 18 0
40 73 19 0
40 73 20 0
40 73 21 1
40 73 22 1
40 74 9 7
40 74 10 0
40 74 11 0
40 74 12 0
40 74 13 0
40 74 14 0
40 74 15 0
40 74 16 0
40 74 17 0
40 74 18 0
40 74 19 0
40 74 20 0
40 74 21 1
40 75 8 7
40 75 9 0
40 75 10 0
40 75 11 0
40 75 12 0
40 75 13 0
40 75 14 0
40 75 15 0
40 75 16 0
40 75 17 0
40 75 18 0
40 75 19 0
40 75 20 0
40 75 21 1
40 76 8 1
40 76 9 0
40 76 10 0
40 76 11 0
40 76 12 0
40 76 13 0
40 76 14 0
40 76 15 0
40 76 16 0
40 76 17 0
40 76 18 0
40 76 19 0
40 76 20 0
40 76 21 1
40 77 7 7
40 77 8 0
40 77 9 0
40 77 10 0
40 77 11 0
40 77 12 0
40 77 13 0
40 77 14 0
40 77 15 0
40 77 16 0
40 77 17 0
40 77 18 0
40 77 19 0
40 77 20 0
40 77 21 1
40 78 7 7
40 78 8 0
40 78 9 0
40 78 10 0
40 78 11 0
40 78 12 0
40 78 13 0
40 78 14 0
40 78 15 0
40 78 16 0
40 78 17 0
40 78 18 0
40 78 19 0
40 78 20 0
40 78 21 1
40 79 7 7
40 79 8 0
40 79 9 0
40 79 10 0
40 79 11 0
40 79 12 0
40 79 13 0
40 79 14 0
40 79 15 0
40 79 16 0
40 79 17 0
40 79 18 0
40 79 19 0
40 79 20 0
40 79 21 1
40 80 7 7
40 80 8 0
40 80 9 0
40 80 10 0
40 80 11 0
40 80 12 0
40 80 13 0
40 80 14 0
40 80 15 0
40 80 16 0
40 80 17 0
40 80 18 0
40 80 19 0
40 80 20 0
40 80 21 1
40 81 8 1
40 81 9 0
40 81 10 0
40 81 11 0
40 81 12 0
40 81 13 0
40 81 14 0
40 81 15 0
40 81 16 0
40 81 17 0
40 81 18 0
40 81 19 0
40 81 20 0
40 81 21 1
40 82 8 1
40 82 9 0
40 82 10 0
40 82 11 0
40 82 12 0
40 82 13 0
40 82 14 0
40 82 15 0
40 82 16 0
40 82 17 0
40 82 18 0
40 82 19 0
40 82 20 1
40 83 8 7
40 83 9 7
40 83 10 0
40 83 11 0
40 83 12 0
40 83 13 0
40 83 14 0
40 83 15 0
40 83 16 0
40 83 17 0
40 83 18 0
40 83 19 0
40 83 20 0
40 83 21 1
40 84 10 7
40 84 11 0
40 84 12 0
40 84 13 0
40 84 14 0
40 84 15 0
40 84 16 0
40 84 17 0
40 84 18 0
40 84 19 0
40 84 20 0
40 84 21 0
40 84 22 1
40 84 23 1
40 85 11 7
40 85 12 7
40 85 13 0
40 85 14 0
40 85 15 0
40 85 16 0
40 85 17 0
40 85 18 0
40 85 19 0
40 85 20 0
40 85 21 0
40 85 22 0
40 85 23 0
40 85 24 1
40 86 13 7
40 86 14 7
40 86 15 7
40 86 16 0
40 86 17 0
40 86 18 0
40 86 19 0
40 86 20 0
40 86 21 0
40 86 22 0
40 86 23 0
40 86 24 1
40 87 16 7
40 87 17 5
40 87 18 7
40 87 19 0
40 87 20 0
40 87 21 0
40 87 22 0
40 87 23 0
40 87 24 0
40 87 25 1
40 88 18 7
40 88 19 7
40 88 20 0
40 88 21 0
40 88 22 0
40 88 23 0
40 88 24 0
40 88 25 1
40 89 20 7
40 89 21 7
40 89 22 5
40 89 23 1
40 89 24 4
40 90 24 7
41 65 24 1
41 65 25 7
41 66 23 7
41 66 24 0
41 66 25 1
41 67 22 7
41 67 23 0
41 67 24 0
41 67 25 1
41 68 21 7
41 68 22 0
41 68 23 0
41 68 24 0
41 68 25 1
41 69 21 7
41 69 22 0
41 69 23 0
41 69 24 0
41 69 25 1
41 70 21 7
41 70 22 0
41 70 23 0
41 70 24 0
41 70 25 1
41 71 12 5
41 71 13 7
41 71 14 7
41 71 15 7
41 71 16 7
41 71 17 7
41 71 18 5
41 71 19 5
41 71 20 7
41 71 21 4
41 71 22 4
41 71 23 4
41 71 24 1
41 72 11 7
41 72 12 0
41 72 13 0
41 72 14 0
41 72 15 0
41 72 16 0
41 72 17 0
41 72 18 1
41 72 19 5
41 72 20 1
41 72 22 1
41 73 9 7
41 73 10 7
41 73 11 0
41 73 12 0
41 73 13 0
41 73 14 0
41 73 15 0
41 73 16 0
41 73 17 0
41 73 18 0
41 73 19 5
41 73 20 1
41 74 7 7
41 74 8 7
41 74 9 0
41 74 10 0
41 74 11 0
41 74 12 0
41 74 13 0
41 74 14 0
41 74 15 0
41 74 16 0
41 74 17 0
41 74 18 0
41 74 19 0
41 74 20 1
41 75 7 7
41 75 8 0
41 75 9 0
41 75 10 0
41 75 11 0
41 75 12 0
41 75 13 0
41 75 14 0
41 75 15 0
41 75 16 0
41 75 17 0
41 75 18 0
41 75 19 0
41 75 20 1
41 76 7 1
41 76 8 0
41 76 9 0
41 76 10 0
41 76 11 0
41 76 12 0
41 76 13 0
41 76 14 0
41 76 15 0
41 76 16 0
41 76 17 0
41 76 18 0
41 76 19 0
41 76 20 1
41 77 7 7
41 77 8 0
41 77 9 0
41 77 10 0
41 77 11 0
41 77 12 0
41 77 13 0
41 77 14 0
41 77 15 0
41 77 16 0
41 77 17 0
41 77 18 0
41 77 19 0
41 77 20 1
41 78 7 1
41 78 8 0
41 78 9 0
41 78 10 0
41 78 11 0
41 78 12 0
41 78 13 0
41 78 14 0
41 78 15 0
41 78 16 0
41 78 17 0
41 78 18 0
41 78 19 0
41 78 20 1
41 79 7 1
41 79 8 0
41 79 9 0
41 79 10 0
41 79 11 0
41 79 12 0
41 79 13 0
41 79 14 0
41 79 15 0
41 79 16 0
41 79 17 0
41 79 18 0
41 79 19 0
41 79 20 1
41 80 7 7
41 80 8 0
41 80 9 0
41 80 10 0
41 80 11 0
41 80 12 0
41 80 13 0
41 80 14 0
41 80 15 0
41 80 16 0
41 80 17 0
41 80 18 0
41 80 19 0
41 80 20 1
41 81 7 1
41 81 8 0
41 81 9 0
41 81 10 0
41 81 11 0
41 81 12 0
41 81 13 0
41 81 14 0
41 81 15 0
41 81 16 0
41 81 17 0
41 81 18 0
41 81 19 0
41 81 20 1
41 82 7 7
41 82 8 0
41 82 9 0
41 82 10 0
41 82 11 0
41 82 12 0
41 82 13 0
41 82 14 0
41 82 15 0
41 82 16 0
41 82 17 0
41 82 18 0
41 82 19 0
41 82 20 1
41 83 8 7
41 83 9 0
41 83 10 0
41 83 11 0
41 83 12 0
41 83 13 0
41 83 14 0
41 83 15 0
41 83 16 0
41 83 17 0
41 83 18 0
41 83 19 0
41 83 20 1
41 84 9 7
41 84 10 7
41 84 11 0
41 84 12 0
41 84 13 0
41 84 14 0
41 84 15 0
41 84 16 0
41 84 17 0
41 84 18 0
41 84 19 0
41 84 20 5
41 84 21 7
41 85 11 7
41 85 12 7
41 85 13 0
41 85 14 0
41 85 15 0
41 85 16 0
41 85 17 5
41 85 18 0
41 85 19 7
41 85 20 7
41 85 21 7
41 85 22 1
41 85 23 1
41 85 24 1
41 86 13 7
41 86 14 7
41 86 15 7
41 86 16 7
41 86 17 5
41 86 18 7
41 86 19 7
41 86 20 7
41 86 21 0
41 86 22 0
41 86 23 0
41 86 24 0
41 86 25 1
41 87 19 7
41 87 20 7
41 87 21 0
41 87 22 0
41 87 23 0
41 87 24 0
41 87 25 1
41 88 20 7
41 88 21 0
41 88 22 0
41 88 23 0
41 88 24 0
41 88 25 1
41 89 21 5
41 89 22 7
41 89 23 0
41 89 24 0
41 89 25 1
41 90 23 1
41 90 24 1
41 90 25 1
42 64 24 1
42 65 23 7
42 65 24 0
42 65 25 1
42 66 23 7
42 66 24 0
42 66 25 1
42 67 22 7
42 67 23 0
42 67 24 0
42 67 25 1
42 68 22 1
42 68 23 0
42 68 24 0
42 68 25 1
42 69 22 1
42 69 23 0
42 69 24 0
42 69 25 1
42 70 22 7
42 70 23 0
42 70 24 0
42 70 25 1
42 71 12 7
42 71 13 7
42 71 14 7
42 71 15 5
42 71 23 7
42 71 24 4
42 71 25 1
42 72 10 5
42 72 11 7
42 72 12 0
42 72 13 0
42 72 14 0
42 72 15 0
42 72 16 1
42 72 17 1
42 73 7 5
42 73 8 5
42 73 9 5
42 73 10 0
42 73 11 0
42 73 12 0
42 73 13 0
42 73 14 0
42 73 15 0
42 73 16 0
42 73 17 0
42 73 18 1
42 74 6 7
42 74 7 0
42 74 8 0
42 74 9 0
42 74 10 0
42 74 11 0
42 74 12 0
42 74 13 0
42 74 14 0
42 74 15 0
42 74 16 0
42 74 17 0
42 74 18 0
42 74 19 1
42 75 6 7
42 75 7 0
42 75 8 0
42 75 9 0
42 75 10 0
42 75 11 0
42 75 12 0
42 75 13 0
42 75 14 0
42 75 15 0
42 75 16 0
42 75 17 0
42 75 18 0
42 75 19 1
42 76 6 7
42 76 7 0
42 76 8 0
42 76 9 0
42 76 10 0
42 76 11 0
42 76 12 0
42 76 13 0
42 76 14 0
42 76 15 0
42 76 16 0
42 76 17 0
42 76 18 0
42 76 19 1
42 77 6 7
42 77 7 0
42 77 8 0
42 77 9 0
42 77 10 0
42 77 11 0
42 77 12 0
42 77 13 0
42 77 14 0
42 77 15 0
42 77 16 0
42 77 17 0
42 77 18 0
42 77 19 1
42 78 6 7
42 78 7 0
42 78 8 0
42 78 9 0
42 78 10 0
42 78 11 0
42 78 12 0
42 78 13 0
42 78 14 0
42 78 15 0
42 78 16 0
42 78 17 0
42 78 18 0
42 78 19 7
42 79 6 7
42 79 7 0
42 79 8 0
42 79 9 0
42 79 10 0
42 79 11 0
42 79 12 0
42 79 13 0
42 79 14 0
42 79 15 0
42 79 16 0
42 79 17 0
42 79 18 0
42 79 19 0
42 79 20 1
42 80 6 7
42 80 7 0
42 80 8 0
42 80 9 0
42 80 10 0
42 80 11 0
42 80 12 0
42 80 13 0
42 80 14 0
42 80 15 0
42 80 16 0
42 80 17 0
42 80 18 0
42 80 19 1
42 81 6 1
42 81 7 0
42 81 8 0
42 81 9 0
42 81 10 0
42 81 11 0
42 81 12 0
42 81 13 0
42 81 14 0
42 81 15 0
42 81 16 0
42 81 17 0
42 81 18 0
42 81 19 1
42 82 6 1
42 82 7 0
42 82 8 0
42 82 9 0
42 82 10 0
42 82 11 0
42 82 12 0
42 82 13 0
42 82 14 0
42 82 15 0
42 82 16 0
42 82 17 0
42 82 18 0
42 82 19 1
42 83 6 7
42 83 7 7
42 83 8 7
42 83 9 0
42 83 10 0
42 83 11 0
42 83 12 0
42 83 13 0
42 83 14 0
42 83 15 0
42 83 16 0
42 83 17 0
42 83 18 1
42 83 19 1
42 84 9 7
42 84 10 5
42 84 11 0
42 84 12 0
42 84 13 0
42 84 14 0
42 84 15 0
42 84 16 0
42 84 17 5
42 84 18 5
42 84 19 7
42 85 11 8
42 85 12 7
42 85 13 0
42 85 14 0
42 85 15 7
42 85 16 7
42 85 18 5
42 85 22 7
42 85 23 1
42 85 24 1
42 85 25 1
42 86 13 7
42 86 14 7
42 86 21 7
42 86 22 0
42 86 23 0
42 86 24 0
42 86 25 1
42 87 21 7
42 87 22 0
42 87 23 0
42 87 24 0
42 87 25 1
42 88 21 5
42 88 22 0
42 88 23 0
42 88 24 0
42 88 25 1
42 89 22 7
42 89 23 0
42 89 24 0
42 89 25 1
42 90 23 7
42 90 24 0
42 90 25 1
42 91 23 7
42 91 24 7
42 91 25 1
43 64 24 1
43 64 25 1
43 65 23 7
43 65 24 0
43 65 25 1
43 66 23 1
43 66 24 0
43 66 25 1
43 67 22 7
43 67 23 0
43 67 24 0
43 67 25 1
43 68 22 1
43 68 23 0
43 68 24 0
43 68 25 1
43 69 22 7
43 69 23 0
43 69 24 0
43 69 25 1
43 70 23 1
43 70 24 0
43 70 25 1
43 71 12 7
43 71 13 7
43 71 14 5
43 71 23 7
43 71 24 1
43 71 25 1
43 72 8 5
43 72 9 5
43 72 10 5
43 72 11 7
43 72 12 0
43 72 13 0
43 72 14 0
43 72 15 1
43 72 16 1
43 73 6 1
43 73 7 4
43 73 8 0
43 73 9 0
43 73 10 0
43 73 11 0
43 73 12 0
43 73 13 0
43 73 14 0
43 73 15 0
43 73 16 0
43 73 17 1
43 74 6 7
43 74 7 0
43 74 8 0
43 74 9 0
43 74 10 0
43 74 11 0
43 74 12 0
43 74 13 0
43 74 14 0
43 74 15 0
43 74 16 0
43 74 17 0
43 74 18 1
43 75 6 1
43 75 7 0
43 75 8 0
43 75 9 0
43 75 10 0
43 75 11 0
43 75 12 0
43 75 13 0
43 75 14 0
43 75 15 0
43 75 16 0
43 75 17 0
43 75 18 1
43 76 6 1
43 76 7 0
43 76 8 0
43 76 9 0
43 76 10 0
43 76 11 0
43 76 12 0
43 76 13 0
43 76 14 0
43 76 15 0
43 76 16 0
43 76 17 0
43 76 18 1
43 77 6 1
43 77 7 0
43 77 8 0
43 77 9 0
43 77 10 0
43 77 11 0
43 77 12 0
43 77 13 0
43 77 14 0
43 77 15 0
43 77 16 0
43 77 17 0
43 77 18 0
43 77 19 1
43 78 6 1
43 78 7 0
43 78 8 0
43 78 9 0
43 78 10 0
43 78 11 0
43 78 12 0
43 78 13 0
43 78 14 0
43 78 15 0
43 78 16 0
43 78 17 0
43 78 18 0
43 78 19 1
43 79 6 1
43 79 7 0
43 79 8 0
43 79 9 0
43 79 10 0
43 79 11 0
43 79 12 0
43 79 13 0
43 79 14 0
43 79 15 0
43 79 16 0
43 79 17 0
43 79 18 0
43 79 19 1
43 80 6 1
43 80 7 0
43 80 8 0
43 80 9 0
43 80 10 0
43 80 11 0
43 80 12 0
43 80 13 0
43 80 14 0
43 80 15 0
43 80 16 0
43 80 17 0
43 80 18 1
43 81 6 1
43 81 7 0
43 81 8 0
43 81 9 0
43 81 10 0
43 81 11 0
43 81 12 0
43 81 13 0
43 81 14 0
43 81 15 0
43 81 16 0
43 81 17 0
43 81 18 1
43 82 6 1
43 82 7 0
43 82 8 0
43 82 9 0
43 82 10 0
43 82 11 0
43 82 12 0
43 82 13 0
43 82 14 0
43 82 15 0
43 82 16 0
43 82 17 0
43 82 18 1
43 83 6 1
43 83 7 5
43 83 8 7
43 83 9 0
43 83 10 0
43 83 11 0
43 83 12 0
43 83 13 0
43 83 14 0
43 83 15 0
43 83 16 0
43 83 17 1
43 84 9 7
43 84 10 7
43 84 11 0
43 84 12 0
43 84 13 0
43 84 14 0
43 84 15 0
43 84 16 1
43 85 11 8
43 85 12 7
43 85 13 7
43 85 14 5
43 85 15 7
43 85 23 7
43 85 24 1
43 85 25 1
43 86 22 1
43 86 23 0
43 86 24 0
43 86 25 1
43 87 22 7
43 87 23 0
43 87 24 0
43 87 25 1
43 88 22 7
43 88 23 0
43 88 24 0
43 88 25 1
43 89 22 7
43 89 23 0
43 89 24 0
43 89 25 1
43 90 23 7
43 90 24 0
43 90 25 1
43 91 23 1
43 91 24 0
43 91 25 1
43 92 24 7
43 92 25 1
44 63 24 7
44 63 25 1
44 64 24 7
44 64 25 1
44 65 23 7
44 65 24 0
44 65 25 1
44 66 23 1
44 66 24 0
44 66 25 1
44 67 22 7
44 67 23 0
44 67 24 0
44 67 25 1
44 68 22 7
44 68 23 0
44 68 24 0
44 68 25 1
44 69 22 7
44 69 23 0
44 69 24 0
44 69 25 1
44 70 23 1
44 70 24 0
44 70 25 1
44 71 11 7
44 71 12 7
44 71 13 5
44 71 24 7
44 71 25 1
44 72 8 5
44 72 9 5
44 72 10 7
44 72 11 0
44 72 12 0
44 72 13 0
44 72 14 5
44 72 15 1
44 73 6 7
44 73 7 4
44 73 8 0
44 73 9 0
44 73 10 0
44 73 11 0
44 73 12 0
44 73 13 0
44 73 14 0
44 73 15 0
44 73 16 1
44 74 6 1
44 74 7 0
44 74 8 0
44 74 9 0
44 74 10 0
44 74 11 0
44 74 12 0
44 74 13 0
44 74 14 0
44 74 15 0
44 74 16 0
44 74 17 1
44 75 6 1
44 75 7 0
44 75 8 0
44 75 9 0
44 75 10 0
44 75 11 0
44 75 12 0
44 75 13 0
44 75 14 0
44 75 15 0
44 75 16 0
44 75 17 1
44 76 6 1
44 76 7 0
44 76 8 0
44 76 9 0
44 76 10 0
44 76 11 0
44 76 12 0
44 76 13 0
44 76 14 0
44 76 15 0
44 76 16 0
44 76 17 0
44 76 18 1
44 77 6 1
44 77 7 0
44 77 8 0
44 77 9 0
44 77 10 0
44 77 11 0
44 77 12 0
44 77 13 0
44 77 14 0
44 77 15 0
44 77 16 0
44 77 17 0
44 77 18 1
44 78 6 1
44 78 7 0
44 78 8 0
44 78 9 0
44 78 10 0
44 78 11 0
44 78 12 0
44 78 13 0
44 78 14 0
44 78 15 0
44 78 16 0
44 78 17 0
44 78 18 0
44 78 19 1
44 79 6 1
44 79 7 0
44 79 8 0
44 79 9 0
44 79 10 0
44 79 11 0
44 79 12 0
44 79 13 0
44 79 14 0
44 79 15 0
44 79 16 0
44 79 17 0
44 79 18 1
44 80 6 1
44 80 7 0
44 80 8 0
44 80 9 0
44 80 10 0
44 80 11 0
44 80 12 0
44 80 13 0
44 80 14 0
44 80 15 0
44 80 16 0
44 80 17 0
44 80 18 1
44 81 5 1
44 81 6 0
44 81 7 0
44 81 8 0
44 81 9 0
44 81 10 0
44 81 11 0
44 81 12 0
44 81 13 0
44 81 14 0
44 81 15 0
44 81 16 0
44 81 17 1
44 82 6 1
44 82 7 0
44 82 8 0
44 82 9 0
44 82 10 0
44 82 11 0
44 82 12 0
44 82 13 0
44 82 14 0
44 82 15 0
44 82 16 0
44 82 17 1
44 83 6 7
44 83 7 5
44 83 8 7
44 83 9 7
44 83 10 0
44 83 11 0
44 83 12 0
44 83 13 0
44 83 14 0
44 83 15 0
44 83 16 1
44 84 10 7
44 84 11 7
44 84 12 0
44 84 13 0
44 84 14 0
44 84 15 1
44 85 12 7
44 85 13 7
44 85 14 7
44 85 23 7
44 85 24 1
44 85 25 1
44 86 22 7
44 86 23 0
44 86 24 0
44 86 25 1
44 87 22 7
44 87 23 0
44 87 24 0
44 87 25 1
44 88 22 7
44 88 23 0
44 88 24 0
44 88 25 1
44 89 22 7
44 89 23 0
44 89 24 0
44 89 25 1
44 90 22 7
44 90 23 0
44 90 24 0
44 90 25 1
44 91 23 7
44 91 24 0
44 91 25 1
44 92 24 7
44 92 25 1
44 93 25 1
45 63 24 7
45 63 25 1
45 64 24 1
45 64 25 1
45 65 23 7
45 65 24 0
45 65 25 1
45 66 23 7
45 66 24 0
45 66 25 1
45 67 23 1
45 67 24 0
45 67 25 1
45 68 23 1
45 68 24 0
45 68 25 1
45 69 23 1
45 69 24 0
45 69 25 1
45 70 23 7
45 70 24 0
45 70 25 1
45 71 11 7
45 71 12 7
45 71 13 5
45 71 24 1
45 71 25 1
45 72 8 5
45 72 9 7
45 72 10 7
45 72 11 0
45 72 12 0
45 72 13 0
45 72 14 1
45 73 6 7
45 73 7 5
45 73 8 0
45 73 9 0
45 73 10 0
45 73 11 0
45 73 12 0
45 73 13 0
45 73 14 0
45 73 15 1
45 74 6 7
45 74 7 0
45 74 8 0
45 74 9 0
45 74 10 0
45 74 11 0
45 74 12 0
45 74 13 0
45 74 14 0
45 74 15 0
45 74 16 1
45 75 6 7
45 75 7 0
45 75 8 0
45 75 9 0
45 75 10 0
45 75 11 0
45 75 12 0
45 75 13 0
45 75 14 0
45 75 15 0
45 75 16 0
45 75 17 1
45 76 6 7
45 76 7 0
45 76 8 0
45 76 9 0
45 76 10 0
45 76 11 0
45 76 12 0
45 76 13 0
45 76 14 0
45 76 15 0
45 76 16 0
45 76 17 1
45 77 6 7
45 77 7 0
45 77 8 0
45 77 9 0
45 77 10 0
45 77 11 0
45 77 12 0
45 77 13 0
45 77 14 0
45 77 15 0
45 77 16 0
45 77 17 0
45 77 18 1
45 78 6 7
45 78 7 0
45 78 8 0
45 78 9 0
45 78 10 0
45 78 11 0
45 78 12 0
45 78 13 0
45 78 14 0
45 78 15 0
45 78 16 0
45 78 17 0
45 78 18 1
45 79 6 7
45 79 7 0
45 79 8 0
45 79 9 0
45 79 10 0
45 79 11 0
45 79 12 0
45 79 13 0
45 79 14 0
45 79 15 0
45 79 16 0
45 79 17 7
45 80 6 7
45 80 7 0
45 80 8 0
45 80 9 0
45 80 10 0
45 80 11 0
45 80 12 0
45 80 13 0
45 80 14 0
45 80 15 0
45 80 16 0
45 80 17 1
45 81 6 4
45 81 7 0
45 81 8 0
45 81 9 0
45 81 10 0
45 81 11 0
45 81 12 0
45 81 13 0
45 81 14 0
45 81 15 0
45 81 16 4
45 82 6 4
45 82 7 4
45 82 8 7
45 82 9 0
45 82 10 0
45 82 11 0
45 82 12 0
45 82 13 0
45 82 14 0
45 82 15 0
45 82 16 1
45 83 9 7
45 83 10 7
45 83 11 0
45 83 12 0
45 83 13 0
45 83 14 0
45 83 15 1
45 84 11 7
45 84 12 7
45 84 13 7
45 84 14 7
45 84 24 1
45 84 25 1
45 85 23 7
45 85 24 0
45 85 25 1
45 86 23 7
45 86 24 0
45 86 25 1
45 87 23 7
45 87 24 0
45 87 25 1
45 88 22 7
45 88 23 0
45 88 24 0
45 88 25 1
45 89 22 7
45 89 23 0
45 89 24 0
45 89 25 1
45 90 23 7
45 90 24 0
45 90 25 1
45 91 23 1
45 91 24 0
45 91 25 1
45 92 24 7
45 92 25 1
45 93 24 1
45 93 25 1
46 64 24 7
46 64 25 1
46 65 23 7
46 65 24 0
46 65 25 1
46 66 23 7
46 66 24 0
46 66 25 1
46 67 23 7
46 67 24 0
46 67 25 1
46 68 23 7
46 68 24 0
46 68 25 1
46 69 23 7
46 69 24 0
46 69 25 1
46 70 24 1
46 70 25 1
46 71 11 7
46 71 12 5
46 71 24 1
46 71 25 1
46 72 9 7
46 72 10 7
46 72 11 0
46 72 12 0
46 72 13 1
46 72 14 1
46 73 7 5
46 73 8 5
46 73 9 0
46 73 10 0
46 73 11 0
46 73 12 0
46 73 13 0
46 73 14 0
46 73 15 1
46 74 7 5
46 74 8 0
46 74 9 0
46 74 10 0
46 74 11 0
46 74 12 0
46 74 13 0
46 74 14 0
46 74 15 1
46 75 7 1
46 75 8 0
46 75 9 0
46 75 10 0
46 75 11 0
46 75 12 0
46 75 13 0
46 75 14 0
46 75 15 0
46 75 16 1
46 76 7 1
46 76 8 0
46 76 9 0
46 76 10 0
46 76 11 0
46 76 12 0
46 76 13 0
46 76 14 0
46 76 15 0
46 76 16 1
46 77 7 1
46 77 8 0
46 77 9 0
46 77 10 0
46 77 11 0
46 77 12 0
46 77 13 0
46 77 14 0
46 77 15 0
46 77 16 0
46 77 17 1
46 78 7 1
46 78 8 0
46 78 9 0
46 78 10 0
46 78 11 0
46 78 12 0
46 78 13 0
46 78 14 0
46 78 15 0
46 78 16 0
46 78 17 1
46 79 7 1
46 79 8 0
46 79 9 0
46 79 10 0
46 79 11 0
46 79 12 0
46 79 13 0
46 79 14 0
46 79 15 0
46 79 16 0
46 79 17 1
46 80 7 1
46 80 8 0
46 80 9 0
46 80 10 0
46 80 11 0
46 80 12 0
46 80 13 0
46 80 14 0
46 80 15 0
46 80 16 1
46 81 7 7
46 81 8 0
46 81 9 0
46 81 10 0
46 81 11 0
46 81 12 0
46 81 13 0
46 81 14 0
46 81 15 0
46 81 16 1
46 82 8 7
46 82 9 7
46 82 10 0
46 82 11 0
46 82 12 0
46 82 13 0
46 82 14 0
46 82 15 1
46 83 10 7
46 83 11 7
46 83 12 0
46 83 13 0
46 83 14 1
46 84 12 7
46 84 13 1
46 84 24 7
46 84 25 1
46 85 24 7
46 85 25 1
46 86 23 7
46 86 24 0
46 86 25 1
46 87 23 7
46 87 24 0
46 87 25 1
46 88 23 7
46 88 24 0
46 88 25 1
46 89 22 7
46 89 23 0
46 89 24 0
46 89 25 1
46 90 23 7
46 90 24 0
46 90 25 1
46 91 23 7
46 91 24 0
46 91 25 1
46 92 24 1
46 92 25 1
47 64 24 7
47 64 25 1
47 65 24 7
47 65 25 1
47 66 24 7
47 66 25 1
47 67 24 7
47 67 25 1
47 68 24 7
47 68 25 1
47 69 24 7
47 69 25 1
47 70 24 7
47 70 25 1
47 71 25 1
47 72 10 7
47 72 11 7
47 72 12 5
47 72 13 1
47 73 8 5
47 73 9 5
47 73 10 0
47 73 11 0
47 73 12 0
47 73 13 0
47 73 14 1
47 74 8 5
47 74 9 0
47 74 10 0
47 74 11 0
47 74 12 0
47 74 13 0
47 74 14 0
47 74 15 1
47 75 7 7
47 75 8 0
47 75 9 0
47 75 10 0
47 75 11 0
47 75 12 0
47 75 13 0
47 75 14 0
47 75 15 1
47 76 7 7
47 76 8 0
47 76 9 0
47 76 10 0
47 76 11 0
47 76 12 0
47 76 13 0
47 76 14 0
47 76 15 0
47 76 16 1
47 77 7 1
47 77 8 0
47 77 9 0
47 77 10 0
47 77 11 0
47 77 12 0
47 77 13 0
47 77 14 0
47 77 15 0
47 77 16 1
47 78 7 7
47 78 8 0
47 78 9 0
47 78 10 0
47 78 11 0
47 78 12 0
47 78 13 0
47 78 14 0
47 78 15 0
47 78 16 1
47 79 7 7
47 79 8 0
47 79 9 0
47 79 10 0
47 79 11 0
47 79 12 0
47 79 13 0
47 79 14 0
47 79 15 0
47 79 16 1
47 80 7 7
47 80 8 0
47 80 9 0
47 80 10 0
47 80 11 0
47 80 12 0
47 80 13 0
47 80 14 0
47 80 15 7
47 81 8 5
47 81 9 0
47 81 10 0
47 81 11 0
47 81 12 0
47 81 13 0
47 81 14 0
47 81 15 1
47 82 9 5
47 82 10 0
47 82 11 0
47 82 12 0
47 82 13 0
47 82 14 1
47 83 10 7
47 83 11 7
47 83 12 7
47 83 13 1
47 84 25 1
47 85 24 7
47 85 25 1
47 86 24 7
47 86 25 1
47 87 23 7
47 87 24 0
47 87 25 1
47 88 23 7
47 88 24 0
47 88 25 1
47 89 23 1
47 89 24 0
47 89 25 1
47 90 23 7
47 90 24 0
47 90 25 1
47 91 23 7
47 91 24 0
47 91 25 1
47 92 24 1
47 92 25 1
48 64 24 7
48 64 25 1
48 65 24 7
48 65 25 1
48 66 24 7
48 66 25 1
48 67 24 7
48 67 25 1
48 68 24 7
48 68 25 1
48 69 24 5
48 69 25 1
48 70 25 1
48 72 10 7
48 72 11 7
48 72 12 1
48 73 9 5
48 73 10 0
48 73 11 0
48 73 12 0
48 73 13 1
48 74 8 7
48 74 9 0
48 74 10 0
48 74 11 0
48 74 12 0
48 74 13 0
48 74 14 1
48 75 8 1
48 75 9 0
48 75 10 0
48 75 11 0
48 75 12 0
48 75 13 0
48 75 14 1
48 76 7 7
48 76 8 0
48 76 9 0
48 76 10 0
48 76 11 0
48 76 12 0
48 76 13 0
48 76 14 0
48 76 15 1
48 77 7 7
48 77 8 0
48 77 9 0
48 77 10 0
48 77 11 0
48 77 12 0
48 77 13 0
48 77 14 0
48 77 15 1
48 78 7 7
48 78 8 0
48 78 9 0
48 78 10 0
48 78 11 0
48 78 12 0
48 78 13 0
48 78 14 0
48 78 15 1
48 79 8 1
48 79 9 0
48 79 10 0
48 79 11 0
48 79 12 0
48 79 13 0
48 79 14 0
48 79 15 1
48 80 8 7
48 80 9 0
48 80 10 0
48 80 11 0
48 80 12 0
48 80 13 0
48 80 14 0
48 80 15 1
48 81 8 5
48 81 9 5
48 81 10 0
48 81 11 0
48 81 12 0
48 81 13 0
48 81 14 1
48 82 10 7
48 82 11 1
48 82 12 0
48 82 13 1
48 83 12 7
48 86 24 7
48 86 25 1
48 87 24 7
48 87 25 1
48 88 23 7
48 88 24 0
48 88 25 1
48 89 23 7
48 89 24 0
48 89 25 1
48 90 24 1
48 90 25 1
48 91 24 7
48 91 25 1
48 92 24 7
48 92 25 1
49 65 24 1
49 65 25 1
49 66 24 5
49 66 25 1
49 67 25 1
49 73 10 7
49 73 11 1
49 73 12 1
49 74 8 7
49 74 9 5
49 74 10 0
49 74 11 0
49 74 12 0
49 74 13 1
49 75 8 7
49 75 9 0
49 75 10 0
49 75 11 0
49 75 12 0
49 75 13 0
49 75 14 1
49 76 8 1
49 76 9 0
49 76 10 0
49 76 11 0
49 76 12 0
49 76 13 0
49 76 14 1
49 77 8 1
49 77 9 0
49 77 10 0
49 77 11 0
49 77 12 0
49 77 13 0
49 77 14 1
49 78 8 1
49 78 9 0
49 78 10 0
49 78 11 0
49 78 12 0
49 78 13 0
49 78 14 1
49 79 8 7
49 79 9 0
49 79 10 0
49 79 11 0
49 79 12 0
49 79 13 0
49 79 14 1
49 80 9 1
49 80 10 0
49 80 11 0
49 80 12 0
49 80 13 0
49 80 14 1
49 81 9 5
49 81 10 7
49 81 11 0
49 81 12 0
49 81 13 1
49 82 11 1
49 82 12 1
49 87 24 7
49 87 25 1
49 88 24 7
49 88 25 1
49 89 24 7
49 89 25 1
49 90 25 1
50 73 10 5
50 73 11 1
50 74 9 5
50 74 10 0
50 74 11 0
50 74 12 1
50 75 9 5
50 75 10 0
50 75 11 0
50 75 12 0
50 75 13 1
50 76 8 7
50 76 9 0
50 76 10 0
50 76 11 0
50 76 12 0
50 76 13 1
50 77 8 7
50 77 9 0
50 77 10 0
50 77 11 0
50 77 12 0
50 77 13 0
50 77 14 1
50 78 8 7
50 78 9 0
50 78 10 0
50 78 11 0
50 78 12 0
50 78 13 1
50 79 9 5
50 79 10 0
50 79 11 0
50 79 12 0
50 79 13 1
50 80 9 5
50 80 10 5
50 80 11 0
50 80 12 1
50 80 13 1
50 81 10 5
50 81 11 1
50 81 12 1
51 74 10 5
51 74 11 1
51 75 9 5
51 75 10 7
51 75 11 1
51 75 12 1
51 76 9 7
51 76 10 0
51 76 11 0
51 76 12 1
51 76 13 1
51 77 9 5
51 77 10 0
51 77 11 0
51 77 12 1
51 77 13 1
51 78 9 5
51 78 10 0
51 78 11 0
51 78 12 1
51 78 13 1
51 79 10 7
51 79 11 1
51 79 12 1
51 80 11 1
52 76 10 7
52 76 11 1
52 77 10 1
52 77 11 1
52 78 10 1
52 78 11 1
