33 56 19
10 38 12 7
10 38 13 5
10 39 12 7
10 39 13 4
10 40 12 7
10 40 13 4
10 41 12 7
10 41 13 4
10 42 12 7
10 42 13 5
10 43 12 7
10 43 13 5
10 44 12 5
11 37 11 7
11 37 12 1
11 37 13 5
11 37 14 1
11 38 11 7
11 38 12 0
11 38 13 0
11 38 14 1
11 39 11 7
11 39 12 0
11 39 13 0
11 39 14 1
11 40 11 7
11 40 12 0
11 40 13 0
11 40 14 1
11 41 11 7
11 41 12 0
11 41 13 0
11 41 14 1
11 42 11 7
11 42 12 0
11 42 13 0
11 42 14 1
11 43 11 7
11 43 12 0
11 43 13 0
11 43 14 1
11 44 11 7
11 44 12 0
11 44 13 5
11 44 14 1
11 45 11 1
11 45 12 5
11 45 13 5
11 46 11 7
12 36 11 7
12 36 12 7
12 36 13 5
12 36 14 1
12 37 11 1
12 37 12 0
12 37 13 0
12 37 14 1
12 38 10 7
12 38 11 0
12 38 12 0
12 38 13 0
12 38 14 1
12 39 10 7
12 39 11 0
12 39 12 0
12 39 13 0
12 39 14 1
12 40 10 7
12 40 11 0
12 40 12 0
12 40 13 0
12 40 14 1
12 41 10 7
12 41 11 0
12 41 12 0
12 41 13 0
12 41 14 1
12 42 10 7
12 42 11 0
12 42 12 0
12 42 13 0
12 42 14 1
12 43 10 7
12 43 11 0
12 43 12 0
12 43 13 0
12 43 14 1
12 44 10 7
12 44 11 0
12 44 12 0
12 44 13 0
12 44 14 1
12 45 10 7
12 45 11 0
12 45 12 0
12 45 13 0
12 45 14 1
12 46 11 1
12 46 12 5
12 46 13 7
12 46 14 1
12 47 11 7
12 47 13 5
13 33 14 5
13 34 14 1
13 35 11 5
13 35 12 7
13 35 13 7
13 35 14 1
13 36 10 7
13 36 11 0
13 36 12 0
13 36 13 0
13 36 14 1
13 37 10 7
13 37 11 0
13 37 12 0
13 37 13 0
13 37 14 1
13 38 10 1
13 38 11 0
13 38 12 0
13 38 13 0
13 38 14 1
13 39 9 7
13 39 10 0
13 39 11 0
13 39 12 0
13 39 13 0
13 39 14 1
13 40 9 7
13 40 10 0
13 40 11 0
13 40 12 0
13 40 13 0
13 40 14 1
13 41 9 7
13 41 10 0
13 41 11 0
13 41 12 0
13 41 13 0
13 41 14 1
13 42 9 7
13 42 10 0
13 42 11 0
13 42 12 0
13 42 13 0
13 42 14 1
13 43 9 7
13 43 10 0
13 43 11 0
13 43 12 0
13 43 13 0
13 43 14 1
13 44 9 7
13 44 10 0
13 44 11 0
13 44 12 0
13 44 13 0
13 44 14 1
13 45 10 1
13 45 11 0
13 45 12 0
13 45 13 0
13 45 14 1
13 46 10 7
13 46 11 0
13 46 12 0
13 46 13 0
13 46 14 1
13 47 11 7
13 47 12 7
13 47 13 0
13 47 14 1
13 48 13 7
13 48 14 1
13 49 13 1
13 49 14 1
13 50 14 1
14 33 13 7
14 33 14 1
14 34 13 7
14 34 14 1
14 35 11 7
14 35 12 7
14 35 13 0
14 35 14 1
14 36 10 7
14 36 11 0
14 36 12 0
14 36 13 0
14 36 14 1
14 37 10 1
14 37 11 0
14 37 12 0
14 37 13 0
14 37 14 1
14 38 9 7
14 38 10 0
14 38 11 0
14 38 12 0
14 38 13 0
14 38 14 1
14 39 8 7
14 39 9 0
14 39 10 0
14 39 11 0
14 39 12 0
14 39 13 0
14 39 14 1
14 40 8 7
14 40 9 0
14 40 10 0
14 40 11 0
14 40 12 0
14 40 13 0
14 40 14 1
14 41 8 7
14 41 9 0
14 41 10 0
14 41 11 0
14 41 12 0
14 41 13 0
14 41 14 1
14 42 8 7
14 42 9 0
14 42 10 0
14 42 11 0
14 42 12 0
14 42 13 0
14 42 14 1
14 43 8 7
14 43 9 0
14 43 10 0
14 43 11 0
14 43 12 0
14 43 13 0
14 43 14 1
14 44 8 7
14 44 9 0
14 44 10 0
14 44 11 0
14 44 12 0
14 44 13 0
14 44 14 1
14 45 9 7
14 45 10 0
14 45 11 0
14 45 12 0
14 45 13 0
14 45 14 1
14 46 10 1
14 46 11 0
14 46 12 0
14 46 13 0
14 46 14 1
14 47 10 7
14 47 11 0
14 47 12 0
14 47 13 0
14 47 14 1
14 48 11 7
14 48 12 7
14 48 13 0
14 48 14 1
14 49 13 7
14 49 14 1
14 50 13 7
14 50 14 1
15 33 13 7
15 33 14 1
15 34 13 1
15 34 14 1
15 35 11 7
15 35 12 7
15 35 13 0
15 35 14 1
15 36 10 7
15 36 11 0
15 36 12 0
15 36 13 0
15 36 14 1
15 37 10 1
15 37 11 0
15 37 12 0
15 37 13 0
15 37 14 1
15 38 8 7
15 38 9 7
15 38 10 0
15 38 11 0
15 38 12 0
15 38 13 0
15 38 14 1
15 39 8 1
15 39 9 0
15 39 10 0
15 39 11 0
15 39 12 0
15 39 13 0
15 39 14 1
15 40 8 1
15 40 9 0
15 40 10 0
15 40 11 0
15 40 12 0
15 40 13 0
15 40 14 1
15 41 8 1
15 41 9 0
15 41 10 0
15 41 11 0
15 41 12 0
15 41 13 0
15 41 14 1
15 42 8 1
15 42 9 0
15 42 10 0
15 42 11 0
15 42 12 0
15 42 13 0
15 42 14 1
15 43 7 7
15 43 8 0
15 43 9 0
15 43 10 0
15 43 11 0
15 43 12 0
15 43 13 0
15 43 14 1
15 44 8 1
15 44 9 0
15 44 10 0
15 44 11 0
15 44 12 0
15 44 13 0
15 44 14 1
15 45 8 7
15 45 9 7
15 45 10 0
15 45 11 0
15 45 12 0
15 45 13 0
15 45 14 1
15 46 10 7
15 46 11 0
15 46 12 0
15 46 13 0
15 46 14 1
15 47 10 7
15 47 11 0
15 47 12 0
15 47 13 0
15 47 14 1
15 48 11 7
15 48 12 7
15 48 13 0
15 48 14 1
15 49 13 7
15 49 14 1
15 50 13 7
15 50 14 1
15 51 14 1
16 33 13 5
16 33 14 1
16 34 13 5
16 34 14 1
16 35 11 7
16 35 12 7
16 35 13 0
16 35 14 1
16 36 10 7
16 36 11 0
16 36 12 0
16 36 13 0
16 36 14 1
16 37 9 7
16 37 10 0
16 37 11 0
16 37 12 0
16 37 13 0
16 37 14 1
16 38 8 7
16 38 9 0
16 38 10 0
16 38 11 0
16 38 12 0
16 38 13 0
16 38 14 1
16 39 7 7
16 39 8 0
16 39 9 0
16 39 10 0
16 39 11 0
16 39 12 0
16 39 13 0
16 39 14 1
16 40 7 7
16 40 8 0
16 40 9 0
16 40 10 0
16 40 11 0
16 40 12 0
16 40 13 0
16 40 14 1
16 41 7 7
16 41 8 0
16 41 9 0
16 41 10 0
16 41 11 0
16 41 12 0
16 41 13 0
16 41 14 1
16 42 7 7
16 42 8 0
16 42 9 0
16 42 10 0
16 42 11 0
16 42 12 0
16 42 13 0
16 42 14 1
16 43 7 7
16 43 8 0
16 43 9 0
16 43 10 0
16 43 11 0
16 43 12 0
16 43 13 0
16 43 14 1
16 44 7 7
16 44 8 0
16 44 9 0
16 44 10 0
16 44 11 0
16 44 12 0
16 44 13 0
16 44 14 1
16 45 8 7
16 45 9 0
16 45 10 0
16 45 11 0
16 45 12 0
16 45 13 0
16 45 14 1
16 46 9 7
16 46 10 7
16 46 11 0
16 46 12 0
16 46 13 0
16 46 14 1
16 47 11 7
16 47 12 0
16 47 13 0
16 47 14 1
16 48 11 7
16 48 12 7
16 48 13 0
16 48 14 1
16 49 13 1
16 49 14 1
16 50 13 7
16 50 14 1
16 51 14 5
17 34 14 1
17 35 11 7
17 35 12 4
17 35 13 4
17 35 14 1
17 36 10 7
17 36 11 0
17 36 12 0
17 36 13 7
17 36 14 1
17 37 9 7
17 37 10 0
17 37 11 0
17 37 12 0
17 37 13 0
17 37 14 1
17 38 8 7
17 38 9 0
17 38 10 0
17 38 11 0
17 38 12 0
17 38 13 0
17 38 14 1
17 39 7 7
17 39 8 0
17 39 9 0
17 39 10 0
17 39 11 0
17 39 12 0
17 39 13 0
17 39 14 1
17 40 7 1
17 40 8 0
17 40 9 0
17 40 10 0
17 40 11 0
17 40 12 0
17 40 13 0
17 40 14 1
17 41 7 1
17 41 8 0
17 41 9 0
17 41 10 0
17 41 11 0
17 41 12 0
17 41 13 0
17 41 14 1
17 42 7 1
17 42 8 0
17 42 9 0
17 42 10 0
17 42 11 0
17 42 12 0
17 42 13 0
17 42 14 1
17 43 7 1
17 43 8 0
17 43 9 0
17 43 10 0
17 43 11 0
17 43 12 0
17 43 13 0
17 43 14 1
17 44 7 7
17 44 8 0
17 44 9 0
17 44 10 0
17 44 11 0
17 44 12 0
17 44 13 0
17 44 14 1
17 45 8 7
17 45 9 0
17 45 10 0
17 45 11 0
17 45 12 0
17 45 13 0
17 45 14 1
17 46 9 7
17 46 10 7
17 46 11 0
17 46 12 0
17 46 13 7
17 46 14 1
17 47 11 7
17 47 12 4
17 47 13 7
17 47 14 1
17 48 13 7
17 48 14 1
17 49 13 7
17 49 14 1
17 50 14 7
18 35 11 7
18 35 12 4
18 36 10 7
18 36 11 0
18 36 12 5
18 37 9 7
18 37 10 0
18 37 11 0
18 37 12 0
18 37 13 1
18 38 8 7
18 38 9 0
18 38 10 0
18 38 11 0
18 38 12 0
18 38 13 1
18 39 7 7
18 39 8 0
18 39 9 0
18 39 10 0
18 39 11 0
18 39 12 0
18 39 13 0
18 39 14 1
18 40 6 7
18 40 7 0
18 40 8 0
18 40 9 0
18 40 10 0
18 40 11 0
18 40 12 0
18 40 13 0
18 40 14 1
18 41 6 7
18 41 7 0
18 41 8 0
18 41 9 0
18 41 10 0
18 41 11 0
18 41 12 0
18 41 13 0
18 41 14 1
18 42 6 7
18 42 7 0
18 42 8 0
18 42 9 0
18 42 10 0
18 42 11 0
18 42 12 0
18 42 13 0
18 42 14 1
18 43 7 1
18 43 8 0
18 43 9 0
18 43 10 0
18 43 11 0
18 43 12 0
18 43 13 0
18 43 14 1
18 44 7 7
18 44 8 0
18 44 9 0
18 44 10 0
18 44 11 0
18 44 12 0
18 44 13 0
18 44 14 1
18 45 8 7
18 45 9 0
18 45 10 0
18 45 11 0
18 45 12 0
18 45 13 1
18 46 9 7
18 46 10 7
18 46 11 0
18 46 12 7
18 47 11 7
19 35 11 5
19 36 10 7
19 36 11 0
19 36 12 5
19 37 9 7
19 37 10 0
19 37 11 0
19 37 12 0
19 37 13 1
19 38 7 7
19 38 8 7
19 38 9 0
19 38 10 0
19 38 11 0
19 38 12 0
19 38 13 1
19 39 7 7
19 39 8 0
19 39 9 0
19 39 10 0
19 39 11 0
19 39 12 0
19 39 13 0
19 39 14 1
19 40 6 7
19 40 7 0
19 40 8 0
19 40 9 0
19 40 10 0
19 40 11 0
19 40 12 0
19 40 13 0
19 40 14 1
19 41 6 1
19 41 7 0
19 41 8 0
19 41 9 0
19 41 10 0
19 41 11 0
19 41 12 0
19 41 13 0
19 41 14 1
19 42 6 7
19 42 7 0
19 42 8 0
19 42 9 0
19 42 10 0
19 42 11 0
19 42 12 0
19 42 13 0
19 42 14 1
19 43 7 1
19 43 8 0
19 43 9 0
19 43 10 0
19 43 11 0
19 43 12 0
19 43 13 0
19 43 14 1
19 44 7 7
19 44 8 0
19 44 9 0
19 44 10 0
19 44 11 0
19 44 12 0
19 44 13 1
19 45 8 7
19 45 9 0
19 45 10 0
19 45 11 0
19 45 12 1
19 45 13 1
19 46 9 7
19 46 10 7
19 46 11 5
19 47 11 4
20 35 11 5
20 36 10 7
20 36 11 0
20 36 12 1
20 37 9 7
20 37 10 0
20 37 11 0
20 37 12 0
20 37 13 1
20 38 7 7
20 38 8 7
20 38 9 0
20 38 10 0
20 38 11 0
20 38 12 0
20 38 13 1
20 39 7 1
20 39 8 0
20 39 9 0
20 39 10 0
20 39 11 0
20 39 12 0
20 39 13 1
20 40 6 7
20 40 7 0
20 40 8 0
20 40 9 0
20 40 10 0
20 40 11 0
20 40 12 0
20 40 13 7
20 41 6 7
20 41 7 0
20 41 8 0
20 41 9 0
20 41 10 0
20 41 11 0
20 41 12 0
20 41 13 7
20 42 6 7
20 42 7 0
20 42 8 0
20 42 9 0
20 42 10 0
20 42 11 0
20 42 12 0
20 42 13 0
20 42 14 1
20 43 6 7
20 43 7 0
20 43 8 0
20 43 9 0
20 43 10 0
20 43 11 0
20 43 12 0
20 43 13 1
20 44 7 7
20 44 8 0
20 44 9 0
20 44 10 0
20 44 11 0
20 44 12 0
20 44 13 1
20 45 8 7
20 45 9 7
20 45 10 0
20 45 11 0
20 45 12 1
20 46 10 5
20 46 11 7
21 35 11 7
21 35 12 7
21 35 13 1
21 36 10 7
21 36 11 0
21 36 12 0
21 36 13 1
21 37 9 7
21 37 10 0
21 37 11 0
21 37 12 0
21 37 13 1
21 38 7 7
21 38 8 7
21 38 9 0
21 38 10 0
21 38 11 0
21 38 12 0
21 38 13 1
21 39 6 7
21 39 7 0
21 39 8 0
21 39 9 0
21 39 10 0
21 39 11 0
21 39 12 0
21 39 13 1
21 40 6 1
21 40 7 0
21 40 8 0
21 40 9 0
21 40 10 0
21 40 11 0
21 40 12 0
21 40 13 1
21 41 5 7
21 41 6 0
21 41 7 0
21 41 8 0
21 41 9 0
21 41 10 0
21 41 11 0
21 41 12 0
21 41 13 1
21 42 6 1
21 42 7 0
21 42 8 0
21 42 9 0
21 42 10 0
21 42 11 0
21 42 12 0
21 42 13 1
21 43 6 7
21 43 7 0
21 43 8 0
21 43 9 0
21 43 10 0
21 43 11 0
21 43 12 0
21 43 13 1
21 44 7 7
21 44 8 0
21 44 9 0
21 44 10 0
21 44 11 0
21 44 12 0
21 44 13 1
21 45 8 7
21 45 9 7
21 45 10 0
21 45 11 0
21 45 12 0
21 45 13 1
21 46 10 5
21 46 11 7
21 46 12 7
21 46 13 4
22 35 12 5
22 35 13 1
22 35 14 1
22 36 11 7
22 36 12 0
22 36 13 0
22 36 14 1
22 37 8 7
22 37 9 7
22 37 10 7
22 37 11 0
22 37 12 0
22 37 13 0
22 37 14 1
22 38 7 7
22 38 8 0
22 38 9 0
22 38 10 0
22 38 11 0
22 38 12 0
22 38 13 1
22 39 6 4
22 39 7 0
22 39 8 0
22 39 9 0
22 39 10 0
22 39 11 0
22 39 12 0
22 39 13 1
22 40 5 7
22 40 6 0
22 40 7 0
22 40 8 0
22 40 9 0
22 40 10 0
22 40 11 0
22 40 12 0
22 40 13 1
22 41 5 7
22 41 6 0
22 41 7 0
22 41 8 0
22 41 9 0
22 41 10 0
22 41 11 0
22 41 12 7
22 42 5 7
22 42 6 0
22 42 7 0
22 42 8 0
22 42 9 0
22 42 10 0
22 42 11 0
22 42 12 7
22 43 6 7
22 43 7 0
22 43 8 0
22 43 9 0
22 43 10 0
22 43 11 0
22 43 12 0
22 43 13 1
22 44 7 7
22 44 8 0
22 44 9 0
22 44 10 0
22 44 11 0
22 44 12 0
22 44 13 1
22 45 8 7
22 45 9 7
22 45 10 0
22 45 11 0
22 45 12 0
22 45 13 0
22 45 14 1
22 46 10 7
22 46 11 7
22 46 12 5
22 46 13 7
22 46 14 1
23 34 13 7
23 34 14 1
23 35 13 7
23 35 14 1
23 36 12 7
23 36 13 0
23 36 14 1
23 37 8 7
23 37 9 1
23 37 10 5
23 37 11 1
23 37 12 1
23 37 13 0
23 37 14 1
23 38 5 8
23 38 6 5
23 38 7 7
23 38 8 0
23 38 9 0
23 38 10 0
23 38 11 4
23 38 12 1
23 38 13 7
23 39 5 7
23 39 6 0
23 39 7 0
23 39 8 0
23 39 9 0
23 39 10 0
23 39 11 0
23 39 12 1
23 40 5 1
23 40 6 0
23 40 7 0
23 40 8 0
23 40 9 0
23 40 10 0
23 40 11 0
23 40 12 1
23 41 5 1
23 41 6 0
23 41 7 0
23 41 8 0
23 41 9 0
23 41 10 0
23 41 11 0
23 41 12 1
23 42 5 1
23 42 6 0
23 42 7 0
23 42 8 0
23 42 9 0
23 42 10 0
23 42 11 0
23 42 12 1
23 43 5 7
23 43 6 0
23 43 7 0
23 43 8 0
23 43 9 0
23 43 10 0
23 43 11 1
23 43 12 7
23 44 6 7
23 44 7 7
23 44 8 0
23 44 9 0
23 44 10 0
23 44 11 5
23 44 12 7
23 44 13 1
23 44 14 1
23 45 8 7
23 45 9 7
23 45 10 7
23 45 11 1
23 45 12 7
23 45 13 0
23 45 14 1
23 46 12 7
23 46 13 0
23 46 14 1
23 47 13 7
23 47 14 1
24 33 14 1
24 34 13 7
24 34 14 1
24 35 13 1
24 35 14 1
24 36 13 1
24 36 14 1
24 37 7 7
24 37 8 7
24 37 9 1
24 37 13 5
24 37 14 1
24 38 5 7
24 38 6 7
24 38 7 0
24 38 8 0
24 38 9 0
24 38 10 1
24 39 5 1
24 39 6 0
24 39 7 0
24 39 8 0
24 39 9 0
24 39 10 0
24 39 11 1
24 40 4 7
24 40 5 0
24 40 6 0
24 40 7 0
24 40 8 0
24 40 9 0
24 40 10 0
24 40 11 1
24 41 4 1
24 41 5 0
24 41 6 0
24 41 7 0
24 41 8 0
24 41 9 0
24 41 10 0
24 41 11 1
24 42 4 7
24 42 5 0
24 42 6 0
24 42 7 0
24 42 8 0
24 42 9 0
24 42 10 0
24 42 11 1
24 43 5 1
24 43 6 0
24 43 7 0
24 43 8 0
24 43 9 0
24 43 10 1
24 44 6 7
24 44 7 7
24 44 8 7
24 44 9 1
24 44 10 5
24 44 13 7
24 44 14 1
24 45 13 7
24 45 14 1
24 46 12 5
24 46 13 0
24 46 14 1
24 47 13 1
24 47 14 1
24 48 14 1
25 33 14 1
25 34 13 7
25 34 14 1
25 35 13 7
25 35 14 1
25 36 13 7
25 36 14 1
25 37 7 7
25 37 8 1
25 37 13 5
25 37 14 1
25 38 5 7
25 38 6 7
25 38 7 0
25 38 8 0
25 38 9 1
25 39 5 7
25 39 6 0
25 39 7 0
25 39 8 0
25 39 9 0
25 39 10 1
25 40 5 1
25 40 6 0
25 40 7 0
25 40 8 0
25 40 9 0
25 40 10 1
25 41 5 1
25 41 6 0
25 41 7 0
25 41 8 0
25 41 9 0
25 41 10 0
25 41 11 1
25 42 5 1
25 42 6 0
25 42 7 0
25 42 8 0
25 42 9 0
25 42 10 1
25 43 5 7
25 43 6 7
25 43 7 0
25 43 8 0
25 43 9 0
25 43 10 1
25 44 7 7
25 44 8 7
25 44 9 7
25 44 13 7
25 44 14 1
25 45 13 7
25 45 14 1
25 46 13 1
25 46 14 1
25 47 13 7
25 47 14 1
25 48 14 1
26 34 14 1
26 35 14 1
26 36 14 1
26 37 14 1
26 38 6 5
26 38 7 1
26 38 8 1
26 38 9 1
26 39 5 7
26 39 6 0
26 39 7 0
26 39 8 0
26 39 9 1
26 40 5 7
26 40 6 0
26 40 7 0
26 40 8 0
26 40 9 0
26 40 10 1
26 41 5 7
26 41 6 0
26 41 7 0
26 41 8 0
26 41 9 0
26 41 10 1
26 42 5 7
26 42 6 0
26 42 7 0
26 42 8 0
26 42 9 1
26 43 6 5
26 43 7 5
26 43 8 1
26 43 9 1
26 44 14 1
26 45 13 7
26 45 14 7
26 46 13 7
26 46 14 7
26 47 13 7
26 47 14 7
26 48 14 1
27 34 14 1
27 35 14 1
27 36 14 1
27 38 7 1
27 38 8 5
27 39 6 7
27 39 7 0
27 39 8 0
27 39 9 1
27 40 6 1
27 40 7 0
27 40 8 0
27 40 9 1
27 41 6 1
27 41 7 0
27 41 8 0
27 41 9 1
27 42 6 5
27 42 7 0
27 42 8 1
27 43 7 1
27 43 8 7
27 45 14 1
27 46 14 1
27 47 14 1
27 48 14 1
28 39 6 7
28 39 7 1
28 39 8 5
28 40 6 7
28 40 7 1
28 40 8 5
28 41 6 5
28 41 7 5
28 41 8 1
28 42 7 1
