44  41  19
25  28  4  1
26  27  4  1
26  28  4  1
27  27  4  1
28  26  4  1
28  27  4  1
29  25  4  1
29  26  4  1
29  27  4  1
30  25  4  1
30  26  4  1
30  27  4  1
31  24  4  1
31  25  4  1
31  26  4  1
32  24  4  1
32  25  4  1
32  26  4  1
33  24  4  1
21  30  5  1
21  31  5  1
22  29  5  1
22  30  5  1
22  31  5  1
23  27  5  4
23  28  5  8
23  29  5  1
23  30  5  4
23  31  5  1
24  27  5  1
24  28  5  4
24  29  5  1
24  30  5  1
24  31  5  1
25  26  5  1
25  27  5  1
25  28  5  0
25  29  5  4
25  30  5  4
25  31  5  1
26  26  5  1
26  27  5  0
26  28  5  0
26  29  5  4
26  30  5  4
27  25  5  1
27  26  5  1
27  27  5  0
27  28  5  1
27  29  5  1
27  30  5  1
28  24  5  1
28  25  5  1
28  26  5  0
28  27  5  0
28  28  5  1
28  29  5  1
29  24  5  1
29  25  5  0
29  26  5  0
29  27  5  0
29  28  5  1
29  29  5  1
30  23  5  1
30  24  5  1
30  25  5  0
30  26  5  0
30  27  5  0
30  28  5  1
31  23  5  1
31  24  5  0
31  25  5  0
31  26  5  0
31  27  5  1
31  28  5  1
32  22  5  1
32  23  5  1
32  24  5  0
32  25  5  0
32  26  5  0
32  27  5  1
32  28  5  1
33  22  5  1
33  23  5  1
33  24  5  0
33  25  5  1
33  26  5  1
33  27  5  1
34  23  5  1
34  24  5  1
34  25  5  1
34  26  5  1
35  23  5  1
35  24  5  1
35  25  5  1
19  30  6  1
19  31  6  1
19  32  6  1
20  29  6  1
20  30  6  4
20  31  6  4
20  32  6  1
21  27  6  1
21  28  6  1
21  29  6  4
21  30  6  0
21  31  6  0
21  32  6  1
22  27  6  4
22  28  6  4
22  29  6  0
22  30  6  0
22  31  6  0
22  32  6  1
23  26  6  1
23  27  6  0
23  28  6  0
23  29  6  0
23  30  6  0
23  31  6  0
23  32  6  1
24  25  6  1
24  26  6  1
24  27  6  0
24  28  6  0
24  29  6  0
24  30  6  0
24  31  6  0
24  32  6  4
25  25  6  1
25  26  6  0
25  27  6  0
25  28  6  0
25  29  6  0
25  30  6  0
25  31  6  0
25  32  6  4
26  24  6  1
26  25  6  1
26  26  6  0
26  27  6  0
26  28  6  0
26  29  6  0
26  30  6  0
26  31  6  4
27  24  6  1
27  25  6  0
27  26  6  0
27  27  6  0
27  28  6  0
27  29  6  0
27  30  6  0
27  31  6  4
28  23  6  1
28  24  6  0
28  25  6  0
28  26  6  0
28  27  6  0
28  28  6  0
28  29  6  0
28  30  6  4
28  31  6  1
29  23  6  1
29  24  6  0
29  25  6  0
29  26  6  0
29  27  6  0
29  28  6  0
29  29  6  0
29  30  6  1
30  22  6  1
30  23  6  0
30  24  6  0
30  25  6  0
30  26  6  0
30  27  6  0
30  28  6  0
30  29  6  4
30  30  6  1
31  22  6  1
31  23  6  0
31  24  6  0
31  25  6  0
31  26  6  0
31  27  6  0
31  28  6  0
31  29  6  1
31  30  6  1
32  21  6  1
32  22  6  0
32  23  6  0
32  24  6  0
32  25  6  0
32  26  6  0
32  27  6  0
32  28  6  0
32  29  6  1
33  21  6  1
33  22  6  0
33  23  6  0
33  24  6  0
33  25  6  0
33  26  6  0
33  27  6  0
33  28  6  4
33  29  6  1
34  21  6  1
34  22  6  1
34  23  6  0
34  24  6  0
34  25  6  0
34  26  6  0
34  27  6  4
34  28  6  1
35  21  6  1
35  22  6  4
35  23  6  0
35  24  6  0
35  25  6  0
35  26  6  1
35  27  6  1
35  28  6  1
36  22  6  1
36  23  6  4
36  24  6  1
36  25  6  1
36  26  6  1
36  27  6  1
37  23  6  1
37  24  6  1
17  29  7  4
17  30  7  1
18  29  7  1
18  30  7  1
18  31  7  1
18  32  7  1
19  29  7  1
19  30  7  0
19  31  7  0
19  32  7  0
19  33  7  1
19  34  7  1
19  35  7  1
20  28  7  1
20  29  7  0
20  30  7  0
20  31  7  0
20  32  7  0
20  33  7  1
20  34  7  1
20  35  7  1
21  26  7  4
21  27  7  1
21  28  7  0
21  29  7  0
21  30  7  0
21  31  7  0
21  32  7  0
21  33  7  1
22  26  7  1
22  27  7  0
22  28  7  0
22  29  7  0
22  30  7  0
22  31  7  0
22  32  7  0
22  33  7  1
23  25  7  1
23  26  7  0
23  27  7  0
23  28  7  0
23  29  7  0
23  30  7  0
23  31  7  0
23  32  7  0
23  33  7  1
24  24  7  1
24  25  7  0
24  26  7  0
24  27  7  0
24  28  7  0
24  29  7  0
24  30  7  0
24  31  7  0
24  32  7  1
25  24  7  1
25  25  7  0
25  26  7  0
25  27  7  0
25  28  7  0
25  29  7  0
25  30  7  0
25  31  7  0
25  32  7  1
26  23  7  1
26  24  7  0
26  25  7  0
26  26  7  0
26  27  7  0
26  28  7  0
26  29  7  0
26  30  7  0
26  31  7  0
26  32  7  4
27  23  7  1
27  24  7  0
27  25  7  0
27  26  7  0
27  27  7  0
27  28  7  0
27  29  7  0
27  30  7  0
27  31  7  0
27  32  7  4
28  22  7  1
28  23  7  0
28  24  7  0
28  25  7  0
28  26  7  0
28  27  7  0
28  28  7  0
28  29  7  0
28  30  7  0
28  31  7  0
28  32  7  4
29  22  7  1
29  23  7  0
29  24  7  0
29  25  7  0
29  26  7  0
29  27  7  0
29  28  7  0
29  29  7  0
29  30  7  0
29  31  7  1
29  32  7  1
30  21  7  1
30  22  7  0
30  23  7  0
30  24  7  0
30  25  7  0
30  26  7  0
30  27  7  0
30  28  7  0
30  29  7  0
30  30  7  0
30  31  7  4
31  21  7  1
31  22  7  0
31  23  7  0
31  24  7  0
31  25  7  0
31  26  7  0
31  27  7  0
31  28  7  0
31  29  7  0
31  30  7  0
31  31  7  1
32  20  7  1
32  21  7  0
32  22  7  0
32  23  7  0
32  24  7  0
32  25  7  0
32  26  7  0
32  27  7  0
32  28  7  0
32  29  7  0
32  30  7  1
33  20  7  1
33  21  7  0
33  22  7  0
33  23  7  0
33  24  7  0
33  25  7  0
33  26  7  0
33  27  7  0
33  28  7  0
33  29  7  0
33  30  7  1
34  20  7  1
34  21  7  0
34  22  7  0
34  23  7  0
34  24  7  0
34  25  7  0
34  26  7  0
34  27  7  0
34  28  7  0
34  29  7  1
35  20  7  1
35  21  7  0
35  22  7  0
35  23  7  0
35  24  7  0
35  25  7  0
35  26  7  0
35  27  7  0
35  28  7  0
35  29  7  1
36  20  7  1
36  21  7  4
36  22  7  0
36  23  7  0
36  24  7  0
36  25  7  0
36  26  7  0
36  27  7  0
36  28  7  1
37  21  7  1
37  22  7  4
37  23  7  0
37  24  7  0
37  25  7  1
37  26  7  1
37  27  7  1
38  22  7  1
38  23  7  1
38  24  7  1
38  25  7  1
17  29  8  1
17  30  8  1
17  31  8  1
17  32  8  1
17  33  8  1
18  28  8  1
18  29  8  0
18  30  8  0
18  31  8  0
18  32  8  0
18  33  8  1
18  34  8  1
19  27  8  1
19  28  8  4
19  29  8  0
19  30  8  0
19  31  8  0
19  32  8  0
19  33  8  0
19  34  8  0
19  35  8  4
20  27  8  4
20  28  8  0
20  29  8  0
20  30  8  0
20  31  8  0
20  32  8  0
20  33  8  0
20  34  8  0
20  35  8  1
21  26  8  1
21  27  8  0
21  28  8  0
21  29  8  0
21  30  8  0
21  31  8  0
21  32  8  0
21  33  8  0
21  34  8  1
21  35  8  4
22  25  8  4
22  26  8  0
22  27  8  0
22  28  8  0
22  29  8  0
22  30  8  0
22  31  8  0
22  32  8  0
22  33  8  0
22  34  8  1
23  25  8  1
23  26  8  0
23  27  8  0
23  28  8  0
23  29  8  0
23  30  8  0
23  31  8  0
23  32  8  0
23  33  8  0
23  34  8  1
24  24  8  1
24  25  8  0
24  26  8  0
24  27  8  0
24  28  8  0
24  29  8  0
24  30  8  0
24  31  8  0
24  32  8  0
24  33  8  8
24  34  8  1
25  23  8  1
25  24  8  0
25  25  8  0
25  26  8  0
25  27  8  0
25  28  8  0
25  29  8  0
25  30  8  0
25  31  8  0
25  32  8  0
25  33  8  4
26  23  8  1
26  24  8  0
26  25  8  0
26  26  8  0
26  27  8  0
26  28  8  0
26  29  8  0
26  30  8  0
26  31  8  0
26  32  8  0
26  33  8  1
27  22  8  1
27  23  8  0
27  24  8  0
27  25  8  0
27  26  8  0
27  27  8  0
27  28  8  0
27  29  8  0
27  30  8  0
27  31  8  0
27  32  8  4
28  22  8  1
28  23  8  0
28  24  8  0
28  25  8  0
28  26  8  0
28  27  8  0
28  28  8  0
28  29  8  0
28  30  8  0
28  31  8  0
28  32  8  4
29  21  8  1
29  22  8  0
29  23  8  0
29  24  8  0
29  25  8  0
29  26  8  0
29  27  8  0
29  28  8  0
29  29  8  0
29  30  8  0
29  31  8  0
29  32  8  4
30  21  8  1
30  22  8  0
30  23  8  0
30  24  8  0
30  25  8  0
30  26  8  0
30  27  8  0
30  28  8  0
30  29  8  0
30  30  8  0
30  31  8  0
30  32  8  1
31  20  8  1
31  21  8  0
31  22  8  0
31  23  8  0
31  24  8  0
31  25  8  0
31  26  8  0
31  27  8  0
31  28  8  0
31  29  8  0
31  30  8  0
31  31  8  1
32  20  8  1
32  21  8  0
32  22  8  0
32  23  8  0
32  24  8  0
32  25  8  0
32  26  8  0
32  27  8  0
32  28  8  0
32  29  8  0
32  30  8  0
32  31  8  1
33  20  8  1
33  21  8  0
33  22  8  0
33  23  8  0
33  24  8  0
33  25  8  0
33  26  8  0
33  27  8  0
33  28  8  0
33  29  8  0
33  30  8  0
33  31  8  1
34  19  8  1
34  20  8  0
34  21  8  0
34  22  8  0
34  23  8  0
34  24  8  0
34  25  8  0
34  26  8  0
34  27  8  0
34  28  8  0
34  29  8  0
34  30  8  1
35  19  8  1
35  20  8  0
35  21  8  0
35  22  8  0
35  23  8  0
35  24  8  0
35  25  8  0
35  26  8  0
35  27  8  0
35  28  8  0
35  29  8  0
35  30  8  1
36  20  8  1
36  21  8  0
36  22  8  0
36  23  8  0
36  24  8  0
36  25  8  0
36  26  8  0
36  27  8  0
36  28  8  0
36  29  8  1
37  20  8  1
37  21  8  0
37  22  8  0
37  23  8  0
37  24  8  0
37  25  8  0
37  26  8  0
37  27  8  1
37  28  8  1
38  21  8  1
38  22  8  1
38  23  8  1
38  24  8  1
38  25  8  1
38  26  8  1
16  30  9  1
16  31  9  1
16  32  9  1
16  33  9  1
17  29  9  1
17  30  9  0
17  31  9  0
17  32  9  0
17  33  9  0
17  34  9  1
18  28  9  1
18  29  9  0
18  30  9  0
18  31  9  0
18  32  9  0
18  33  9  0
18  34  9  0
18  35  9  1
19  27  9  1
19  28  9  0
19  29  9  0
19  30  9  0
19  31  9  0
19  32  9  0
19  33  9  0
19  34  9  0
19  35  9  1
20  26  9  4
20  27  9  0
20  28  9  0
20  29  9  0
20  30  9  0
20  31  9  0
20  32  9  0
20  33  9  0
20  34  9  0
20  35  9  1
21  25  9  4
21  26  9  0
21  27  9  0
21  28  9  0
21  29  9  0
21  30  9  0
21  31  9  0
21  32  9  0
21  33  9  0
21  34  9  0
21  35  9  1
22  25  9  4
22  26  9  0
22  27  9  0
22  28  9  0
22  29  9  0
22  30  9  0
22  31  9  0
22  32  9  0
22  33  9  0
22  34  9  0
22  35  9  1
23  24  9  4
23  25  9  0
23  26  9  0
23  27  9  0
23  28  9  0
23  29  9  0
23  30  9  0
23  31  9  0
23  32  9  0
23  33  9  0
23  34  9  1
24  24  9  1
24  25  9  0
24  26  9  0
24  27  9  0
24  28  9  0
24  29  9  0
24  30  9  0
24  31  9  0
24  32  9  0
24  33  9  0
24  34  9  1
25  23  9  1
25  24  9  0
25  25  9  0
25  26  9  0
25  27  9  0
25  28  9  0
25  29  9  0
25  30  9  0
25  31  9  0
25  32  9  0
25  33  9  0
25  34  9  1
26  22  9  1
26  23  9  0
26  24  9  0
26  25  9  0
26  26  9  0
26  27  9  0
26  28  9  0
26  29  9  0
26  30  9  0
26  31  9  0
26  32  9  0
26  33  9  4
27  22  9  1
27  23  9  0
27  24  9  0
27  25  9  0
27  26  9  0
27  27  9  0
27  28  9  0
27  29  9  0
27  30  9  0
27  31  9  0
27  32  9  0
27  33  9  4
28  21  9  1
28  22  9  0
28  23  9  0
28  24  9  0
28  25  9  0
28  26  9  0
28  27  9  0
28  28  9  0
28  29  9  0
28  30  9  0
28  31  9  0
28  32  9  0
28  33  9  4
29  21  9  1
29  22  9  0
29  23  9  0
29  24  9  0
29  25  9  0
29  26  9  0
29  27  9  0
29  28  9  0
29  29  9  0
29  30  9  0
29  31  9  0
29  32  9  0
29  33  9  4
30  20  9  1
30  21  9  0
30  22  9  0
30  23  9  0
30  24  9  0
30  25  9  0
30  26  9  0
30  27  9  0
30  28  9  0
30  29  9  0
30  30  9  0
30  31  9  0
30  32  9  4
31  20  9  1
31  21  9  0
31  22  9  0
31  23  9  0
31  24  9  0
31  25  9  0
31  26  9  0
31  27  9  0
31  28  9  0
31  29  9  0
31  30  9  0
31  31  9  0
31  32  9  1
32  20  9  1
32  21  9  0
32  22  9  0
32  23  9  0
32  24  9  0
32  25  9  0
32  26  9  0
32  27  9  0
32  28  9  0
32  29  9  0
32  30  9  0
32  31  9  0
32  32  9  1
33  19  9  1
33  20  9  0
33  21  9  0
33  22  9  0
33  23  9  0
33  24  9  0
33  25  9  0
33  26  9  0
33  27  9  0
33  28  9  0
33  29  9  0
33  30  9  0
33  31  9  1
34  19  9  1
34  20  9  0
34  21  9  0
34  22  9  0
34  23  9  0
34  24  9  0
34  25  9  0
34  26  9  0
34  27  9  0
34  28  9  0
34  29  9  0
34  30  9  1
35  19  9  1
35  20  9  0
35  21  9  0
35  22  9  0
35  23  9  0
35  24  9  0
35  25  9  0
35  26  9  0
35  27  9  0
35  28  9  0
35  29  9  0
35  30  9  1
36  19  9  1
36  20  9  0
36  21  9  0
36  22  9  0
36  23  9  0
36  24  9  0
36  25  9  0
36  26  9  0
36  27  9  0
36  28  9  0
36  29  9  1
37  20  9  1
37  21  9  0
37  22  9  0
37  23  9  0
37  24  9  0
37  25  9  0
37  26  9  0
37  27  9  1
37  28  9  1
38  21  9  1
38  22  9  1
38  23  9  1
38  24  9  1
38  25  9  1
38  26  9  1
16  31  10  4
16  32  10  1
16  33  10  1
17  29  10  1
17  30  10  1
17  31  10  0
17  32  10  0
17  33  10  0
17  34  10  1
18  28  10  1
18  29  10  0
18  30  10  0
18  31  10  0
18  32  10  0
18  33  10  0
18  34  10  0
18  35  10  4
19  27  10  1
19  28  10  0
19  29  10  0
19  30  10  0
19  31  10  0
19  32  10  0
19  33  10  0
19  34  10  0
19  35  10  1
20  26  10  4
20  27  10  0
20  28  10  0
20  29  10  0
20  30  10  0
20  31  10  0
20  32  10  0
20  33  10  0
20  34  10  0
20  35  10  4
21  25  10  4
21  26  10  0
21  27  10  0
21  28  10  0
21  29  10  0
21  30  10  0
21  31  10  0
21  32  10  0
21  33  10  0
21  34  10  0
21  35  10  4
22  25  10  4
22  26  10  0
22  27  10  0
22  28  10  0
22  29  10  0
22  30  10  0
22  31  10  0
22  32  10  0
22  33  10  0
22  34  10  0
22  35  10  4
23  24  10  4
23  25  10  0
23  26  10  0
23  27  10  0
23  28  10  0
23  29  10  0
23  30  10  0
23  31  10  0
23  32  10  0
23  33  10  0
23  34  10  4
24  24  10  1
24  25  10  0
24  26  10  0
24  27  10  0
24  28  10  0
24  29  10  0
24  30  10  0
24  31  10  0
24  32  10  0
24  33  10  0
24  34  10  4
25  23  10  1
25  24  10  0
25  25  10  0
25  26  10  0
25  27  10  0
25  28  10  0
25  29  10  0
25  30  10  0
25  31  10  0
25  32  10  0
25  33  10  4
26  23  10  1
26  24  10  0
26  25  10  0
26  26  10  0
26  27  10  0
26  28  10  0
26  29  10  0
26  30  10  0
26  31  10  0
26  32  10  0
26  33  10  4
27  22  10  1
27  23  10  0
27  24  10  0
27  25  10  0
27  26  10  0
27  27  10  0
27  28  10  0
27  29  10  0
27  30  10  0
27  31  10  0
27  32  10  0
27  33  10  4
28  22  10  1
28  23  10  0
28  24  10  0
28  25  10  0
28  26  10  0
28  27  10  0
28  28  10  0
28  29  10  0
28  30  10  0
28  31  10  0
28  32  10  0
28  33  10  4
29  21  10  1
29  22  10  0
29  23  10  0
29  24  10  0
29  25  10  0
29  26  10  0
29  27  10  0
29  28  10  0
29  29  10  0
29  30  10  0
29  31  10  0
29  32  10  0
29  33  10  4
30  21  10  1
30  22  10  0
30  23  10  0
30  24  10  0
30  25  10  0
30  26  10  0
30  27  10  0
30  28  10  0
30  29  10  0
30  30  10  0
30  31  10  0
30  32  10  0
30  33  10  4
31  20  10  4
31  21  10  0
31  22  10  0
31  23  10  0
31  24  10  0
31  25  10  0
31  26  10  0
31  27  10  0
31  28  10  0
31  29  10  0
31  30  10  0
31  31  10  0
31  32  10  4
32  20  10  1
32  21  10  0
32  22  10  0
32  23  10  0
32  24  10  0
32  25  10  0
32  26  10  0
32  27  10  0
32  28  10  0
32  29  10  0
32  30  10  0
32  31  10  0
32  32  10  4
33  19  10  1
33  20  10  0
33  21  10  0
33  22  10  0
33  23  10  0
33  24  10  0
33  25  10  0
33  26  10  0
33  27  10  0
33  28  10  0
33  29  10  0
33  30  10  0
33  31  10  4
34  19  10  1
34  20  10  0
34  21  10  0
34  22  10  0
34  23  10  0
34  24  10  0
34  25  10  0
34  26  10  0
34  27  10  0
34  28  10  0
34  29  10  0
34  30  10  0
34  31  10  1
35  19  10  1
35  20  10  0
35  21  10  0
35  22  10  0
35  23  10  0
35  24  10  0
35  25  10  0
35  26  10  0
35  27  10  0
35  28  10  0
35  29  10  0
35  30  10  1
36  19  10  1
36  20  10  0
36  21  10  0
36  22  10  0
36  23  10  0
36  24  10  0
36  25  10  0
36  26  10  0
36  27  10  0
36  28  10  0
36  29  10  1
37  19  10  1
37  20  10  1
37  21  10  1
37  22  10  4
37  23  10  0
37  24  10  0
37  25  10  0
37  26  10  0
37  27  10  1
37  28  10  1
37  29  10  1
38  23  10  4
38  24  10  1
38  25  10  1
38  26  10  1
16  32  11  1
16  33  11  1
16  34  11  1
17  30  11  1
17  31  11  1
17  32  11  1
17  33  11  0
17  34  11  1
17  35  11  1
18  29  11  1
18  30  11  1
18  31  11  1
18  32  11  0
18  33  11  0
18  34  11  1
18  35  11  1
19  28  11  1
19  29  11  1
19  30  11  1
19  31  11  0
19  32  11  0
19  33  11  0
19  34  11  1
20  26  11  4
20  27  11  4
20  28  11  0
20  29  11  0
20  30  11  0
20  31  11  0
20  32  11  0
20  33  11  0
20  34  11  1
21  25  11  4
21  26  11  0
21  27  11  0
21  28  11  0
21  29  11  0
21  30  11  0
21  31  11  0
21  32  11  0
21  33  11  1
21  34  11  1
22  25  11  4
22  26  11  0
22  27  11  0
22  28  11  0
22  29  11  0
22  30  11  0
22  31  11  0
22  32  11  0
22  33  11  1
22  34  11  1
23  25  11  4
23  26  11  0
23  27  11  0
23  28  11  0
23  29  11  0
23  30  11  0
23  31  11  0
23  32  11  0
23  33  11  1
24  25  11  1
24  26  11  0
24  27  11  0
24  28  11  0
24  29  11  0
24  30  11  0
24  31  11  0
24  32  11  0
24  33  11  1
25  24  11  1
25  25  11  0
25  26  11  0
25  27  11  0
25  28  11  0
25  29  11  0
25  30  11  0
25  31  11  0
25  32  11  0
25  33  11  4
26  24  11  1
26  25  11  0
26  26  11  0
26  27  11  0
26  28  11  0
26  29  11  0
26  30  11  0
26  31  11  0
26  32  11  0
26  33  11  4
27  23  11  1
27  24  11  1
27  25  11  0
27  26  11  0
27  27  11  0
27  28  11  0
27  29  11  0
27  30  11  0
27  31  11  0
27  32  11  0
27  33  11  4
28  23  11  1
28  24  11  0
28  25  11  0
28  26  11  0
28  27  11  0
28  28  11  0
28  29  11  0
28  30  11  0
28  31  11  0
28  32  11  0
28  33  11  4
29  22  11  1
29  23  11  1
29  24  11  0
29  25  11  0
29  26  11  0
29  27  11  0
29  28  11  0
29  29  11  0
29  30  11  0
29  31  11  0
29  32  11  0
29  33  11  4
30  22  11  1
30  23  11  0
30  24  11  0
30  25  11  0
30  26  11  0
30  27  11  0
30  28  11  0
30  29  11  0
30  30  11  0
30  31  11  0
30  32  11  0
30  33  11  4
31  21  11  1
31  22  11  1
31  23  11  0
31  24  11  0
31  25  11  0
31  26  11  0
31  27  11  0
31  28  11  0
31  29  11  0
31  30  11  0
31  31  11  0
31  32  11  0
31  33  11  4
32  20  11  1
32  21  11  1
32  22  11  1
32  23  11  0
32  24  11  0
32  25  11  0
32  26  11  0
32  27  11  0
32  28  11  0
32  29  11  0
32  30  11  0
32  31  11  1
32  32  11  4
33  19  11  1
33  20  11  0
33  21  11  0
33  22  11  0
33  23  11  0
33  24  11  0
33  25  11  0
33  26  11  0
33  27  11  0
33  28  11  0
33  29  11  0
33  30  11  1
33  31  11  1
34  19  11  4
34  20  11  0
34  21  11  0
34  22  11  0
34  23  11  0
34  24  11  0
34  25  11  0
34  26  11  0
34  27  11  0
34  28  11  0
34  29  11  0
34  30  11  4
35  19  11  4
35  20  11  0
35  21  11  0
35  22  11  0
35  23  11  1
35  24  11  0
35  25  11  0
35  26  11  0
35  27  11  0
35  28  11  0
35  29  11  0
35  30  11  1
36  19  11  4
36  20  11  0
36  21  11  0
36  22  11  0
36  23  11  4
36  24  11  1
36  25  11  0
36  26  11  0
36  27  11  0
36  28  11  0
36  29  11  0
36  30  11  1
37  19  11  4
37  20  11  0
37  21  11  0
37  22  11  1
37  23  11  1
37  24  11  1
37  25  11  1
37  26  11  1
37  27  11  1
37  28  11  4
37  29  11  1
38  20  11  4
38  21  11  4
17  33  12  1
18  32  12  1
18  33  12  1
19  28  12  4
19  31  12  1
19  32  12  1
19  33  12  1
20  26  12  4
20  27  12  4
20  28  12  0
20  29  12  1
20  30  12  4
20  31  12  1
20  32  12  1
20  33  12  1
21  25  12  4
21  26  12  0
21  27  12  0
21  28  12  0
21  29  12  0
21  30  12  0
21  31  12  1
21  32  12  1
22  25  12  4
22  26  12  0
22  27  12  0
22  28  12  0
22  29  12  0
22  30  12  0
22  31  12  0
22  32  12  1
23  25  12  4
23  26  12  0
23  27  12  0
23  28  12  0
23  29  12  0
23  30  12  0
23  31  12  0
23  32  12  1
24  25  12  1
24  26  12  0
24  27  12  0
24  28  12  0
24  29  12  0
24  30  12  0
24  31  12  0
24  32  12  8
25  25  12  1
25  26  12  1
25  27  12  0
25  28  12  0
25  29  12  0
25  30  12  0
25  31  12  0
25  32  12  4
26  25  12  1
26  26  12  0
26  27  12  0
26  28  12  0
26  29  12  0
26  30  12  0
26  31  12  0
26  32  12  4
26  33  12  4
27  25  12  1
27  26  12  0
27  27  12  0
27  28  12  0
27  29  12  0
27  30  12  0
27  31  12  0
27  32  12  0
27  33  12  4
28  24  12  1
28  25  12  1
28  26  12  0
28  27  12  0
28  28  12  0
28  29  12  0
28  30  12  0
28  31  12  0
28  32  12  0
28  33  12  0
28  34  12  4
29  24  12  1
29  25  12  0
29  26  12  0
29  27  12  0
29  28  12  0
29  29  12  0
29  30  12  0
29  31  12  0
29  32  12  0
29  33  12  0
29  34  12  4
30  23  12  1
30  24  12  1
30  25  12  0
30  26  12  0
30  27  12  0
30  28  12  0
30  29  12  0
30  30  12  0
30  31  12  0
30  32  12  0
30  33  12  0
30  34  12  4
31  23  12  1
31  24  12  1
31  25  12  0
31  26  12  0
31  27  12  0
31  28  12  0
31  29  12  0
31  30  12  1
31  31  12  1
31  32  12  4
31  33  12  4
32  23  12  1
32  24  12  1
32  25  12  0
32  26  12  0
32  27  12  0
32  28  12  0
32  29  12  1
32  30  12  1
33  20  12  1
33  21  12  1
33  22  12  1
33  23  12  1
33  24  12  1
33  25  12  0
33  26  12  0
33  27  12  0
33  28  12  0
33  29  12  1
34  19  12  1
34  20  12  4
34  21  12  1
34  22  12  1
34  23  12  1
34  24  12  1
34  25  12  1
34  26  12  0
34  27  12  0
34  28  12  0
34  29  12  0
34  30  12  4
35  19  12  4
35  20  12  0
35  21  12  0
35  22  12  4
35  24  12  1
35  25  12  1
35  26  12  0
35  27  12  0
35  28  12  0
35  29  12  0
35  30  12  0
35  31  12  1
36  19  12  4
36  20  12  0
36  21  12  0
36  22  12  4
36  25  12  1
36  26  12  1
36  27  12  0
36  28  12  0
36  29  12  0
36  30  12  4
37  19  12  4
37  20  12  0
37  21  12  0
37  22  12  1
37  26  12  1
37  27  12  4
37  28  12  4
37  29  12  4
38  19  12  4
38  20  12  4
38  21  12  4
38  22  12  4
19  27  13  4
19  28  13  4
20  26  13  4
20  27  13  0
20  28  13  0
20  29  13  4
21  26  13  4
21  27  13  0
21  28  13  0
21  29  13  0
21  30  13  1
22  26  13  4
22  27  13  0
22  28  13  0
22  29  13  0
22  30  13  4
22  31  13  4
23  26  13  5
23  27  13  0
23  28  13  0
23  29  13  0
23  30  13  4
23  31  13  4
24  26  13  1
24  27  13  4
24  28  13  1
24  29  13  1
24  30  13  1
24  31  13  4
25  27  13  4
25  28  13  4
25  29  13  4
25  30  13  4
25  31  13  4
26  26  13  1
26  27  13  1
26  28  13  4
26  29  13  1
26  30  13  4
26  31  13  4
27  26  13  1
27  27  13  1
27  28  13  1
27  29  13  0
27  30  13  4
27  31  13  4
27  32  13  4
27  33  13  4
28  26  13  1
28  27  13  1
28  28  13  1
28  29  13  0
28  30  13  0
28  31  13  0
28  32  13  0
28  33  13  0
28  34  13  4
28  35  13  4
29  25  13  1
29  26  13  1
29  27  13  1
29  28  13  4
29  29  13  0
29  30  13  0
29  31  13  0
29  32  13  0
29  33  13  0
29  34  13  0
29  35  13  4
30  25  13  1
30  26  13  1
30  27  13  1
30  28  13  4
30  29  13  1
30  30  13  4
30  31  13  0
30  32  13  0
30  33  13  0
30  34  13  1
31  25  13  1
31  26  13  1
31  27  13  1
31  28  13  1
31  29  13  1
31  31  13  4
31  32  13  4
31  33  13  4
31  34  13  1
32  25  13  1
32  26  13  1
32  27  13  1
32  28  13  1
33  25  13  1
33  26  13  4
33  27  13  4
33  28  13  4
33  30  13  4
33  31  13  4
34  26  13  4
34  27  13  4
34  28  13  0
34  29  13  4
34  30  13  0
34  31  13  4
35  19  13  4
35  20  13  4
35  21  13  1
35  26  13  1
35  27  13  0
35  28  13  0
35  29  13  0
35  30  13  0
35  31  13  4
36  19  13  4
36  20  13  0
36  21  13  4
36  27  13  1
36  28  13  4
36  29  13  4
36  30  13  4
37  19  13  4
37  20  13  0
37  21  13  4
38  19  13  4
38  20  13  4
38  21  13  4
17  28  14  4
18  27  14  4
18  28  14  4
18  29  14  1
19  27  14  4
19  28  14  8
19  29  14  4
20  26  14  4
20  27  14  4
20  28  14  4
20  29  14  4
21  26  14  4
21  27  14  4
21  28  14  4
21  29  14  4
22  27  14  4
22  28  14  1
22  29  14  4
23  27  14  4
23  28  14  1
23  29  14  4
27  29  14  1
27  33  14  4
27  34  14  4
27  35  14  4
28  29  14  4
28  30  14  4
28  31  14  4
28  32  14  4
28  33  14  4
28  34  14  4
28  35  14  5
29  29  14  1
29  30  14  1
29  31  14  4
29  32  14  4
29  33  14  4
29  34  14  4
29  35  14  4
30  31  14  4
30  32  14  4
30  33  14  4
30  34  14  4
30  35  14  1
31  32  14  1
31  33  14  1
33  29  14  4
33  30  14  4
33  31  14  4
34  28  14  4
34  29  14  4
34  30  14  4
34  31  14  4
35  19  14  4
35  20  14  4
35  21  14  4
35  27  14  4
35  28  14  4
35  29  14  4
35  30  14  4
35  31  14  4
36  19  14  4
36  20  14  4
36  21  14  4
36  28  14  4
36  29  14  4
36  30  14  4
37  19  14  4
37  20  14  4
37  21  14  4
38  19  14  4
38  20  14  4
38  21  14  1
