37  61  33
25  53  4  1
27  48  4  1
27  49  4  4
27  50  4  1
27  51  4  1
28  48  4  1
28  49  4  1
28  50  4  1
28  51  4  4
28  52  4  1
24  53  5  1
25  52  5  1
25  53  5  1
26  46  5  1
26  47  5  4
26  48  5  1
26  49  5  1
26  50  5  1
26  51  5  1
26  52  5  1
26  53  5  1
27  46  5  1
27  47  5  4
27  48  5  0
27  49  5  0
27  50  5  0
27  51  5  0
27  52  5  1
27  53  5  1
28  47  5  1
28  48  5  1
28  49  5  1
28  50  5  0
28  51  5  0
28  52  5  0
28  53  5  1
28  54  5  1
29  50  5  4
29  51  5  1
29  52  5  4
29  53  5  1
29  54  5  1
25  51  6  1
25  52  6  1
25  53  6  1
26  45  6  1
26  46  6  4
26  47  6  4
26  48  6  1
26  49  6  1
26  50  6  1
26  51  6  0
26  52  6  0
26  53  6  1
27  46  6  4
27  47  6  0
27  48  6  0
27  49  6  0
27  50  6  0
27  51  6  0
27  52  6  0
27  53  6  0
27  54  6  1
28  47  6  1
28  48  6  4
28  49  6  0
28  50  6  0
28  51  6  0
28  52  6  0
28  53  6  0
28  54  6  1
29  49  6  1
29  50  6  0
29  51  6  0
29  52  6  0
29  53  6  0
29  54  6  1
30  50  6  1
30  51  6  1
30  52  6  1
30  53  6  1
31  50  6  1
31  51  6  1
31  52  6  1
32  51  6  1
32  52  6  1
25  45  7  4
25  46  7  1
25  47  7  4
25  48  7  1
25  49  7  1
25  52  7  1
26  45  7  1
26  46  7  0
26  47  7  0
26  48  7  0
26  49  7  0
26  50  7  1
26  51  7  4
26  52  7  0
26  53  7  1
27  45  7  4
27  46  7  0
27  47  7  0
27  48  7  0
27  49  7  0
27  50  7  0
27  51  7  0
27  52  7  0
27  53  7  0
27  54  7  1
28  46  7  4
28  47  7  1
28  48  7  0
28  49  7  0
28  50  7  0
28  51  7  0
28  52  7  0
28  53  7  0
28  54  7  1
29  48  7  4
29  49  7  0
29  50  7  0
29  51  7  0
29  52  7  0
29  53  7  0
29  54  7  1
30  49  7  1
30  50  7  0
30  51  7  0
30  52  7  0
30  53  7  1
31  50  7  1
31  51  7  0
31  52  7  1
32  51  7  1
24  44  8  4
24  45  8  1
24  46  8  4
25  44  8  1
25  45  8  0
25  46  8  0
25  47  8  4
25  48  8  4
25  49  8  1
25  50  8  1
25  51  8  1
26  44  8  4
26  45  8  0
26  46  8  0
26  47  8  0
26  48  8  0
26  49  8  0
26  50  8  0
26  51  8  0
26  52  8  1
26  53  8  4
26  54  8  1
27  45  8  4
27  46  8  0
27  47  8  0
27  48  8  0
27  49  8  0
27  50  8  0
27  51  8  0
27  52  8  0
27  53  8  0
27  54  8  1
28  45  8  1
28  46  8  4
28  47  8  0
28  48  8  0
28  49  8  0
28  50  8  0
28  51  8  0
28  52  8  0
28  53  8  0
28  54  8  1
29  47  8  4
29  48  8  4
29  49  8  1
29  50  8  0
29  51  8  0
29  52  8  0
29  53  8  0
29  54  8  1
30  50  8  1
30  51  8  0
30  52  8  1
30  53  8  1
30  54  8  1
31  51  8  1
24  43  9  1
24  44  9  1
24  45  9  4
24  46  9  1
24  47  9  4
24  48  9  1
25  43  9  1
25  44  9  0
25  45  9  0
25  46  9  0
25  47  9  0
25  48  9  0
25  49  9  1
25  50  9  1
25  51  9  1
26  44  9  4
26  45  9  0
26  46  9  0
26  47  9  0
26  48  9  0
26  49  9  0
26  50  9  0
26  51  9  0
26  52  9  1
26  53  9  1
26  54  9  1
27  44  9  4
27  45  9  0
27  46  9  0
27  47  9  0
27  48  9  0
27  49  9  0
27  50  9  0
27  51  9  0
27  52  9  0
27  53  9  0
27  54  9  1
28  45  9  4
28  46  9  4
28  47  9  0
28  48  9  0
28  49  9  0
28  50  9  0
28  51  9  0
28  52  9  0
28  53  9  0
28  54  9  0
28  55  9  1
29  47  9  4
29  48  9  4
29  49  9  1
29  50  9  0
29  51  9  0
29  52  9  0
29  53  9  0
29  54  9  1
30  50  9  1
30  51  9  1
30  52  9  1
30  53  9  1
30  54  9  1
16  36  10  4
16  37  10  4
16  38  10  4
17  36  10  1
17  37  10  1
17  38  10  4
18  37  10  1
18  38  10  1
22  43  10  1
22  44  10  4
22  45  10  1
23  43  10  1
23  44  10  1
23  45  10  1
23  46  10  1
23  47  10  1
24  43  10  4
24  44  10  0
24  45  10  0
24  46  10  0
24  47  10  0
24  48  10  4
24  49  10  1
25  43  10  1
25  44  10  0
25  45  10  0
25  46  10  0
25  47  10  0
25  48  10  0
25  49  10  0
25  50  10  1
25  51  10  1
25  52  10  1
26  43  10  4
26  44  10  0
26  45  10  0
26  46  10  0
26  47  10  0
26  48  10  0
26  49  10  0
26  50  10  0
26  51  10  0
26  52  10  0
26  53  10  4
26  54  10  4
27  44  10  4
27  45  10  0
27  46  10  0
27  47  10  0
27  48  10  0
27  49  10  0
27  50  10  0
27  51  10  0
27  52  10  0
27  53  10  0
27  54  10  0
27  55  10  1
28  44  10  1
28  45  10  4
28  46  10  4
28  47  10  1
28  48  10  0
28  49  10  0
28  50  10  0
28  51  10  0
28  52  10  0
28  53  10  0
28  54  10  0
28  55  10  1
29  48  10  1
29  49  10  4
29  50  10  0
29  51  10  0
29  52  10  0
29  53  10  0
29  54  10  1
29  55  10  1
30  50  10  1
30  51  10  1
30  52  10  1
30  53  10  1
14  36  11  1
14  37  11  1
14  38  11  1
15  35  11  4
15  36  11  1
15  37  11  1
15  38  11  1
15  39  11  1
16  35  11  1
16  36  11  0
16  37  11  0
16  38  11  0
16  39  11  1
16  40  11  1
17  35  11  4
17  36  11  0
17  37  11  0
17  38  11  0
17  39  11  1
17  40  11  4
18  35  11  4
18  36  11  4
18  37  11  0
18  38  11  0
18  39  11  1
18  40  11  1
18  41  11  4
19  35  11  1
19  36  11  1
19  37  11  1
19  38  11  1
19  39  11  1
19  40  11  1
19  41  11  1
20  36  11  4
20  37  11  1
20  38  11  4
20  39  11  1
20  40  11  1
20  41  11  1
20  42  11  4
20  43  11  1
21  38  11  4
21  39  11  1
21  40  11  4
21  41  11  1
21  42  11  1
21  43  11  1
21  44  11  1
21  45  11  1
22  40  11  4
22  41  11  4
22  42  11  1
22  43  11  0
22  44  11  0
22  45  11  0
22  46  11  1
22  47  11  1
23  41  11  4
23  42  11  4
23  43  11  0
23  44  11  0
23  45  11  0
23  46  11  0
23  47  11  0
23  48  11  4
24  41  11  1
24  42  11  4
24  43  11  0
24  44  11  0
24  45  11  0
24  46  11  0
24  47  11  0
24  48  11  0
24  49  11  1
25  42  11  4
25  43  11  0
25  44  11  0
25  45  11  0
25  46  11  0
25  47  11  0
25  48  11  0
25  49  11  4
25  52  11  1
26  42  11  1
26  43  11  0
26  44  11  0
26  45  11  0
26  46  11  0
26  47  11  0
26  48  11  0
26  49  11  0
26  50  11  1
26  51  11  1
26  52  11  1
26  53  11  1
26  54  11  1
26  55  11  1
27  43  11  4
27  44  11  0
27  45  11  0
27  46  11  0
27  47  11  0
27  48  11  0
27  49  11  0
27  50  11  1
27  51  11  1
27  52  11  0
27  53  11  0
27  54  11  0
27  55  11  4
28  44  11  1
28  45  11  1
28  46  11  1
28  47  11  4
28  48  11  1
28  49  11  0
28  50  11  1
28  51  11  1
28  52  11  0
28  53  11  0
28  54  11  0
28  55  11  4
29  49  11  1
29  50  11  1
29  51  11  1
29  52  11  1
29  53  11  4
29  54  11  1
29  55  11  4
13  36  12  4
13  37  12  4
13  38  12  4
14  34  12  1
14  35  12  4
14  36  12  0
14  37  12  0
14  38  12  0
14  39  12  1
15  34  12  1
15  35  12  0
15  36  12  0
15  37  12  0
15  38  12  0
15  39  12  0
15  40  12  4
16  34  12  1
16  35  12  0
16  36  12  0
16  37  12  0
16  38  12  0
16  39  12  0
16  40  12  0
16  41  12  4
17  34  12  1
17  35  12  0
17  36  12  0
17  37  12  0
17  38  12  0
17  39  12  0
17  40  12  0
17  41  12  4
18  34  12  1
18  35  12  0
18  36  12  0
18  37  12  0
18  38  12  0
18  39  12  0
18  40  12  0
18  41  12  0
18  42  12  1
19  34  12  1
19  35  12  0
19  36  12  0
19  37  12  0
19  38  12  0
19  39  12  0
19  40  12  0
19  41  12  0
19  42  12  4
19  43  12  4
19  44  12  4
20  34  12  4
20  35  12  1
20  36  12  0
20  37  12  0
20  38  12  0
20  39  12  0
20  40  12  0
20  41  12  0
20  42  12  0
20  43  12  0
20  44  12  1
20  45  12  1
21  35  12  1
21  36  12  4
21  37  12  1
21  38  12  0
21  39  12  0
21  40  12  0
21  41  12  0
21  42  12  0
21  43  12  0
21  44  12  0
21  45  12  0
21  46  12  4
21  47  12  1
22  38  12  4
22  39  12  4
22  40  12  0
22  41  12  0
22  42  12  0
22  43  12  0
22  44  12  0
22  45  12  0
22  46  12  0
22  47  12  0
22  48  12  4
23  39  12  4
23  40  12  1
23  41  12  0
23  42  12  0
23  43  12  0
23  44  12  0
23  45  12  0
23  46  12  0
23  47  12  0
23  48  12  1
24  40  12  1
24  41  12  0
24  42  12  0
24  43  12  0
24  44  12  0
24  45  12  0
24  46  12  0
24  47  12  0
24  48  12  0
24  49  12  1
25  41  12  1
25  42  12  0
25  43  12  0
25  44  12  0
25  45  12  0
25  46  12  0
25  47  12  0
25  48  12  0
25  49  12  4
26  42  12  1
26  43  12  0
26  44  12  0
26  45  12  0
26  46  12  0
26  47  12  0
26  48  12  0
26  49  12  4
26  53  12  1
26  54  12  4
26  55  12  4
27  42  12  1
27  43  12  4
27  44  12  0
27  45  12  0
27  46  12  0
27  47  12  0
27  48  12  0
27  49  12  1
27  52  12  1
27  53  12  0
27  54  12  0
27  55  12  4
28  44  12  1
28  45  12  1
28  46  12  4
28  47  12  1
28  48  12  4
28  49  12  1
28  52  12  1
28  53  12  0
28  54  12  0
28  55  12  4
29  52  12  4
29  53  12  1
29  54  12  4
29  55  12  4
13  35  13  1
13  36  13  1
13  37  13  1
13  38  13  1
13  39  13  1
14  34  13  1
14  35  13  0
14  36  13  0
14  37  13  0
14  38  13  0
14  39  13  0
14  40  13  1
15  33  13  1
15  34  13  0
15  35  13  0
15  36  13  0
15  37  13  0
15  38  13  0
15  39  13  0
15  40  13  1
16  33  13  1
16  34  13  0
16  35  13  0
16  36  13  0
16  37  13  0
16  38  13  0
16  39  13  0
16  40  13  0
16  41  13  1
17  33  13  1
17  34  13  0
17  35  13  0
17  36  13  0
17  37  13  0
17  38  13  0
17  39  13  0
17  40  13  0
17  41  13  0
17  42  13  4
18  33  13  4
18  34  13  0
18  35  13  0
18  36  13  0
18  37  13  0
18  38  13  0
18  39  13  0
18  40  13  0
18  41  13  0
18  42  13  0
18  43  13  1
18  44  13  1
19  33  13  1
19  34  13  0
19  35  13  0
19  36  13  0
19  37  13  0
19  38  13  0
19  39  13  0
19  40  13  0
19  41  13  0
19  42  13  0
19  43  13  0
19  44  13  0
19  45  13  1
20  34  13  1
20  35  13  0
20  36  13  0
20  37  13  0
20  38  13  0
20  39  13  0
20  40  13  0
20  41  13  0
20  42  13  0
20  43  13  0
20  44  13  0
20  45  13  0
20  46  13  1
21  35  13  1
21  36  13  0
21  37  13  0
21  38  13  0
21  39  13  0
21  40  13  0
21  41  13  0
21  42  13  0
21  43  13  0
21  44  13  0
21  45  13  0
21  46  13  0
21  47  13  1
22  36  13  1
22  37  13  4
22  38  13  0
22  39  13  0
22  40  13  0
22  41  13  0
22  42  13  0
22  43  13  0
22  44  13  0
22  45  13  0
22  46  13  0
22  47  13  0
22  48  13  4
23  38  13  1
23  39  13  0
23  40  13  0
23  41  13  0
23  42  13  0
23  43  13  0
23  44  13  0
23  45  13  0
23  46  13  0
23  47  13  0
23  48  13  4
24  39  13  4
24  40  13  0
24  41  13  0
24  42  13  0
24  43  13  0
24  44  13  0
24  45  13  0
24  46  13  0
24  47  13  0
24  48  13  0
24  49  13  1
25  40  13  1
25  41  13  0
25  42  13  0
25  43  13  0
25  44  13  0
25  45  13  0
25  46  13  0
25  47  13  0
25  48  13  0
25  49  13  1
26  41  13  4
26  42  13  0
26  43  13  0
26  44  13  0
26  45  13  0
26  46  13  0
26  47  13  0
26  48  13  0
26  49  13  4
27  41  13  1
27  42  13  4
27  43  13  0
27  44  13  0
27  45  13  0
27  46  13  0
27  47  13  0
27  48  13  0
27  49  13  1
27  53  13  4
27  54  13  4
27  55  13  4
28  43  13  4
28  44  13  1
28  45  13  1
28  46  13  1
28  47  13  4
28  48  13  1
28  49  13  4
28  53  13  4
28  54  13  1
28  55  13  4
29  54  13  4
29  55  13  4
13  35  14  1
13  36  14  4
13  37  14  1
13  38  14  1
13  39  14  1
14  34  14  1
14  35  14  0
14  36  14  0
14  37  14  0
14  38  14  0
14  39  14  0
14  40  14  1
15  33  14  4
15  34  14  0
15  35  14  0
15  36  14  0
15  37  14  0
15  38  14  0
15  39  14  0
15  40  14  0
15  41  14  1
16  33  14  1
16  34  14  0
16  35  14  0
16  36  14  0
16  37  14  0
16  38  14  0
16  39  14  0
16  40  14  0
16  41  14  0
16  42  14  1
17  33  14  1
17  34  14  0
17  35  14  0
17  36  14  0
17  37  14  0
17  38  14  0
17  39  14  0
17  40  14  0
17  41  14  0
17  42  14  0
17  43  14  1
18  33  14  1
18  34  14  0
18  35  14  0
18  36  14  0
18  37  14  0
18  38  14  0
18  39  14  0
18  40  14  0
18  41  14  0
18  42  14  0
18  43  14  0
18  44  14  4
19  33  14  1
19  34  14  0
19  35  14  0
19  36  14  0
19  37  14  0
19  38  14  0
19  39  14  0
19  40  14  0
19  41  14  0
19  42  14  0
19  43  14  0
19  44  14  0
19  45  14  1
20  34  14  1
20  35  14  0
20  36  14  0
20  37  14  0
20  38  14  0
20  39  14  0
20  40  14  0
20  41  14  0
20  42  14  0
20  43  14  0
20  44  14  0
20  45  14  0
20  46  14  1
20  47  14  1
21  35  14  4
21  36  14  0
21  37  14  0
21  38  14  0
21  39  14  0
21  40  14  0
21  41  14  0
21  42  14  0
21  43  14  0
21  44  14  0
21  45  14  0
21  46  14  0
21  47  14  1
22  36  14  1
22  37  14  0
22  38  14  0
22  39  14  0
22  40  14  0
22  41  14  0
22  42  14  0
22  43  14  0
22  44  14  0
22  45  14  0
22  46  14  0
22  47  14  0
22  48  14  4
23  37  14  4
23  38  14  0
23  39  14  0
23  40  14  0
23  41  14  0
23  42  14  0
23  43  14  0
23  44  14  0
23  45  14  0
23  46  14  0
23  47  14  0
23  48  14  1
24  38  14  1
24  39  14  0
24  40  14  0
24  41  14  0
24  42  14  0
24  43  14  0
24  44  14  0
24  45  14  0
24  46  14  0
24  47  14  0
24  48  14  0
24  49  14  4
25  39  14  1
25  40  14  0
25  41  14  0
25  42  14  0
25  43  14  0
25  44  14  0
25  45  14  0
25  46  14  0
25  47  14  0
25  48  14  0
25  49  14  4
26  40  14  1
26  41  14  0
26  42  14  0
26  43  14  0
26  44  14  0
26  45  14  0
26  46  14  0
26  47  14  0
26  48  14  0
26  49  14  1
27  41  14  4
27  42  14  0
27  43  14  0
27  44  14  0
27  45  14  0
27  46  14  0
27  47  14  0
27  48  14  0
27  49  14  1
28  42  14  1
28  43  14  1
28  44  14  4
28  45  14  4
28  46  14  1
28  47  14  1
28  48  14  1
28  49  14  1
13  34  15  1
13  35  15  1
13  36  15  1
13  37  15  1
13  38  15  4
13  39  15  1
13  40  15  1
14  34  15  1
14  35  15  0
14  36  15  0
14  37  15  0
14  38  15  0
14  39  15  0
14  40  15  4
15  33  15  1
15  34  15  0
15  35  15  0
15  36  15  0
15  37  15  0
15  38  15  0
15  39  15  0
15  40  15  0
15  41  15  4
16  33  15  1
16  34  15  0
16  35  15  0
16  36  15  0
16  37  15  0
16  38  15  0
16  39  15  0
16  40  15  0
16  41  15  0
16  42  15  1
17  33  15  1
17  34  15  0
17  35  15  0
17  36  15  0
17  37  15  0
17  38  15  0
17  39  15  0
17  40  15  0
17  41  15  0
17  42  15  0
17  43  15  4
17  44  15  1
18  33  15  4
18  34  15  0
18  35  15  0
18  36  15  0
18  37  15  0
18  38  15  0
18  39  15  0
18  40  15  0
18  41  15  0
18  42  15  0
18  43  15  0
18  44  15  0
18  45  15  1
19  33  15  1
19  34  15  0
19  35  15  0
19  36  15  0
19  37  15  0
19  38  15  0
19  39  15  0
19  40  15  0
19  41  15  0
19  42  15  0
19  43  15  0
19  44  15  0
19  45  15  0
19  46  15  1
20  34  15  4
20  35  15  0
20  36  15  0
20  37  15  0
20  38  15  0
20  39  15  0
20  40  15  0
20  41  15  0
20  42  15  0
20  43  15  0
20  44  15  0
20  45  15  0
20  46  15  0
20  47  15  1
21  35  15  1
21  36  15  0
21  37  15  0
21  38  15  0
21  39  15  0
21  40  15  0
21  41  15  0
21  42  15  0
21  43  15  0
21  44  15  0
21  45  15  0
21  46  15  0
21  47  15  0
21  48  15  4
22  36  15  1
22  37  15  0
22  38  15  0
22  39  15  0
22  40  15  0
22  41  15  0
22  42  15  0
22  43  15  0
22  44  15  0
22  45  15  0
22  46  15  0
22  47  15  0
22  48  15  1
23  37  15  1
23  38  15  0
23  39  15  0
23  40  15  0
23  41  15  0
23  42  15  0
23  43  15  0
23  44  15  0
23  45  15  0
23  46  15  0
23  47  15  0
23  48  15  0
23  49  15  4
24  38  15  1
24  39  15  0
24  40  15  0
24  41  15  0
24  42  15  0
24  43  15  0
24  44  15  0
24  45  15  0
24  46  15  0
24  47  15  0
24  48  15  0
24  49  15  1
25  39  15  1
25  40  15  0
25  41  15  0
25  42  15  0
25  43  15  0
25  44  15  0
25  45  15  0
25  46  15  0
25  47  15  0
25  48  15  0
25  49  15  1
26  40  15  1
26  41  15  0
26  42  15  0
26  43  15  0
26  44  15  0
26  45  15  0
26  46  15  0
26  47  15  0
26  48  15  0
26  49  15  1
27  41  15  1
27  42  15  0
27  43  15  0
27  44  15  0
27  45  15  0
27  46  15  0
27  47  15  0
27  48  15  0
27  49  15  1
28  42  15  1
28  43  15  1
28  44  15  1
28  45  15  4
28  46  15  1
28  47  15  1
28  48  15  1
13  33  16  1
13  34  16  1
13  35  16  1
13  36  16  1
13  37  16  1
13  38  16  1
13  39  16  4
13  40  16  1
14  33  16  1
14  34  16  0
14  35  16  0
14  36  16  0
14  37  16  0
14  38  16  0
14  39  16  0
14  40  16  0
14  41  16  1
15  33  16  1
15  34  16  0
15  35  16  0
15  36  16  0
15  37  16  0
15  38  16  0
15  39  16  0
15  40  16  0
15  41  16  1
16  33  16  1
16  34  16  0
16  35  16  0
16  36  16  0
16  37  16  0
16  38  16  0
16  39  16  0
16  40  16  0
16  41  16  0
16  42  16  1
16  43  16  1
17  33  16  1
17  34  16  0
17  35  16  0
17  36  16  0
17  37  16  0
17  38  16  0
17  39  16  0
17  40  16  0
17  41  16  0
17  42  16  0
17  43  16  0
17  44  16  1
18  33  16  1
18  34  16  0
18  35  16  0
18  36  16  0
18  37  16  0
18  38  16  0
18  39  16  0
18  40  16  0
18  41  16  0
18  42  16  0
18  43  16  0
18  44  16  0
18  45  16  1
19  33  16  1
19  34  16  0
19  35  16  0
19  36  16  0
19  37  16  0
19  38  16  0
19  39  16  0
19  40  16  0
19  41  16  0
19  42  16  0
19  43  16  0
19  44  16  0
19  45  16  0
19  46  16  1
20  34  16  1
20  35  16  0
20  36  16  0
20  37  16  0
20  38  16  0
20  39  16  0
20  40  16  0
20  41  16  0
20  42  16  0
20  43  16  0
20  44  16  0
20  45  16  0
20  46  16  0
20  47  16  1
21  35  16  1
21  36  16  0
21  37  16  0
21  38  16  0
21  39  16  0
21  40  16  0
21  41  16  0
21  42  16  0
21  43  16  0
21  44  16  0
21  45  16  0
21  46  16  0
21  47  16  0
21  48  16  1
22  36  16  1
22  37  16  0
22  38  16  0
22  39  16  0
22  40  16  0
22  41  16  0
22  42  16  0
22  43  16  0
22  44  16  0
22  45  16  0
22  46  16  0
22  47  16  0
22  48  16  0
22  49  16  1
23  37  16  1
23  38  16  0
23  39  16  0
23  40  16  0
23  41  16  0
23  42  16  0
23  43  16  0
23  44  16  0
23  45  16  0
23  46  16  0
23  47  16  0
23  48  16  0
23  49  16  1
24  38  16  1
24  39  16  0
24  40  16  0
24  41  16  0
24  42  16  0
24  43  16  0
24  44  16  0
24  45  16  0
24  46  16  0
24  47  16  0
24  48  16  0
24  49  16  1
25  39  16  1
25  40  16  0
25  41  16  0
25  42  16  0
25  43  16  0
25  44  16  0
25  45  16  0
25  46  16  0
25  47  16  0
25  48  16  0
25  49  16  1
26  40  16  1
26  41  16  0
26  42  16  0
26  43  16  0
26  44  16  0
26  45  16  0
26  46  16  0
26  47  16  0
26  48  16  1
27  41  16  1
27  42  16  0
27  43  16  0
27  44  16  0
27  45  16  0
27  46  16  0
27  47  16  0
27  48  16  1
28  42  16  1
28  43  16  1
28  44  16  1
28  45  16  1
28  46  16  1
28  47  16  1
13  33  17  4
13  34  17  1
13  35  17  1
13  36  17  4
13  37  17  4
13  38  17  1
13  39  17  4
13  40  17  4
14  33  17  1
14  34  17  0
14  35  17  0
14  36  17  0
14  37  17  0
14  38  17  0
14  39  17  0
14  40  17  1
15  33  17  1
15  34  17  0
15  35  17  0
15  36  17  0
15  37  17  0
15  38  17  0
15  39  17  0
15  40  17  0
15  41  17  1
16  33  17  1
16  34  17  0
16  35  17  0
16  36  17  0
16  37  17  0
16  38  17  0
16  39  17  0
16  40  17  0
16  41  17  0
16  42  17  1
17  33  17  4
17  34  17  0
17  35  17  0
17  36  17  0
17  37  17  0
17  38  17  0
17  39  17  0
17  40  17  0
17  41  17  0
17  42  17  0
17  43  17  1
18  33  17  1
18  34  17  0
18  35  17  0
18  36  17  0
18  37  17  0
18  38  17  0
18  39  17  0
18  40  17  0
18  41  17  0
18  42  17  0
18  43  17  0
18  44  17  1
19  34  17  1
19  35  17  0
19  36  17  0
19  37  17  0
19  38  17  0
19  39  17  0
19  40  17  0
19  41  17  0
19  42  17  0
19  43  17  0
19  44  17  0
19  45  17  1
20  34  17  1
20  35  17  0
20  36  17  0
20  37  17  0
20  38  17  0
20  39  17  0
20  40  17  0
20  41  17  0
20  42  17  0
20  43  17  0
20  44  17  0
20  45  17  0
20  46  17  1
21  35  17  1
21  36  17  0
21  37  17  0
21  38  17  0
21  39  17  0
21  40  17  0
21  41  17  0
21  42  17  0
21  43  17  0
21  44  17  0
21  45  17  0
21  46  17  0
21  47  17  4
21  48  17  1
22  36  17  1
22  37  17  1
22  38  17  0
22  39  17  0
22  40  17  0
22  41  17  0
22  42  17  0
22  43  17  0
22  44  17  0
22  45  17  0
22  46  17  0
22  47  17  0
22  48  17  0
22  49  17  4
23  37  17  1
23  38  17  0
23  39  17  0
23  40  17  0
23  41  17  0
23  42  17  0
23  43  17  0
23  44  17  0
23  45  17  0
23  46  17  0
23  47  17  0
23  48  17  0
23  49  17  1
24  38  17  1
24  39  17  0
24  40  17  0
24  41  17  0
24  42  17  0
24  43  17  0
24  44  17  0
24  45  17  0
24  46  17  0
24  47  17  0
24  48  17  0
24  49  17  1
25  39  17  1
25  40  17  0
25  41  17  0
25  42  17  0
25  43  17  0
25  44  17  0
25  45  17  0
25  46  17  0
25  47  17  0
25  48  17  0
25  49  17  1
26  40  17  1
26  41  17  1
26  42  17  0
26  43  17  0
26  44  17  0
26  45  17  0
26  46  17  0
26  47  17  0
26  48  17  1
27  42  17  4
27  43  17  0
27  44  17  0
27  45  17  0
27  46  17  0
27  47  17  1
27  48  17  4
28  42  17  4
28  43  17  1
28  44  17  1
28  45  17  1
28  46  17  1
13  33  18  4
13  34  18  4
13  35  18  4
13  36  18  1
13  37  18  1
13  38  18  4
13  39  18  1
13  40  18  1
14  33  18  4
14  34  18  0
14  35  18  0
14  36  18  0
14  37  18  0
14  38  18  0
14  39  18  0
14  40  18  1
15  33  18  1
15  34  18  0
15  35  18  0
15  36  18  0
15  37  18  0
15  38  18  0
15  39  18  0
15  40  18  0
15  41  18  1
16  33  18  1
16  34  18  0
16  35  18  0
16  36  18  0
16  37  18  0
16  38  18  0
16  39  18  0
16  40  18  0
16  41  18  1
17  33  18  1
17  34  18  0
17  35  18  0
17  36  18  0
17  37  18  0
17  38  18  0
17  39  18  0
17  40  18  0
17  41  18  4
17  42  18  1
18  33  18  1
18  34  18  0
18  35  18  0
18  36  18  0
18  37  18  0
18  38  18  0
18  39  18  0
18  40  18  0
18  41  18  0
18  42  18  0
18  43  18  1
19  34  18  1
19  35  18  0
19  36  18  0
19  37  18  0
19  38  18  0
19  39  18  0
19  40  18  0
19  41  18  0
19  42  18  0
19  43  18  0
19  44  18  1
20  34  18  1
20  35  18  1
20  36  18  0
20  37  18  1
20  38  18  0
20  39  18  0
20  40  18  0
20  41  18  0
20  42  18  0
20  43  18  0
20  44  18  0
20  45  18  1
21  36  18  1
21  37  18  1
21  38  18  0
21  39  18  0
21  40  18  0
21  41  18  0
21  42  18  0
21  43  18  0
21  44  18  0
21  45  18  1
21  46  18  1
21  47  18  1
21  48  18  1
22  38  18  1
22  39  18  0
22  40  18  0
22  41  18  0
22  42  18  0
22  43  18  0
22  44  18  0
22  45  18  0
22  46  18  0
22  47  18  0
22  48  18  1
23  38  18  1
23  39  18  1
23  40  18  0
23  41  18  0
23  42  18  0
23  43  18  0
23  44  18  0
23  45  18  0
23  46  18  0
23  47  18  0
23  48  18  1
24  39  18  1
24  40  18  1
24  41  18  0
24  42  18  0
24  43  18  0
24  44  18  0
24  45  18  0
24  46  18  0
24  47  18  0
24  48  18  1
25  40  18  1
25  41  18  1
25  42  18  0
25  43  18  0
25  44  18  0
25  45  18  0
25  46  18  0
25  47  18  1
25  48  18  1
26  42  18  1
26  43  18  0
26  44  18  0
26  45  18  0
26  46  18  0
26  47  18  1
26  48  18  1
27  42  18  1
27  43  18  0
27  44  18  0
27  45  18  0
27  46  18  1
27  47  18  1
28  43  18  1
28  44  18  1
28  45  18  1
12  36  19  4
12  37  19  1
12  38  19  1
13  33  19  4
13  34  19  4
13  35  19  1
13  36  19  0
13  37  19  0
13  38  19  0
13  39  19  4
14  33  19  4
14  34  19  0
14  35  19  0
14  36  19  0
14  37  19  0
14  38  19  0
14  39  19  0
14  40  19  1
15  33  19  1
15  34  19  0
15  35  19  0
15  36  19  0
15  37  19  0
15  38  19  0
15  39  19  0
15  40  19  1
16  33  19  4
16  34  19  0
16  35  19  0
16  36  19  0
16  37  19  0
16  38  19  0
16  39  19  1
16  40  19  1
17  33  19  1
17  34  19  0
17  35  19  0
17  36  19  0
17  37  19  0
17  38  19  0
17  39  19  1
17  40  19  1
18  33  19  1
18  34  19  0
18  35  19  0
18  36  19  0
18  37  19  1
18  38  19  1
18  39  19  1
18  40  19  1
18  41  19  1
18  42  19  1
19  34  19  1
19  35  19  0
19  36  19  0
19  37  19  1
19  38  19  1
19  39  19  0
19  40  19  0
19  41  19  1
19  42  19  1
19  43  19  1
20  35  19  1
20  36  19  1
20  38  19  1
20  39  19  0
20  40  19  0
20  41  19  0
20  42  19  1
20  43  19  1
20  44  19  1
21  38  19  1
21  39  19  1
21  40  19  0
21  41  19  0
21  42  19  0
21  43  19  1
21  44  19  1
21  46  19  1
21  47  19  4
21  48  19  1
22  39  19  1
22  40  19  1
22  41  19  0
22  42  19  0
22  43  19  1
22  44  19  1
22  45  19  1
22  46  19  0
22  47  19  0
22  48  19  4
23  40  19  1
23  41  19  1
23  42  19  1
23  43  19  1
23  44  19  1
23  45  19  1
23  46  19  0
23  47  19  0
23  48  19  4
24  41  19  1
24  42  19  1
24  43  19  0
24  44  19  0
24  45  19  4
24  46  19  0
24  47  19  1
24  48  19  4
25  42  19  1
25  43  19  0
25  44  19  0
25  45  19  1
25  46  19  1
26  42  19  4
26  43  19  0
26  44  19  0
26  45  19  1
26  46  19  1
27  42  19  4
27  43  19  0
27  44  19  1
27  45  19  1
28  43  19  1
12  35  20  1
12  36  20  1
12  37  20  1
12  38  20  1
13  33  20  4
13  34  20  4
13  35  20  0
13  36  20  0
13  37  20  0
13  38  20  0
13  39  20  1
14  33  20  4
14  34  20  0
14  35  20  0
14  36  20  0
14  37  20  0
14  38  20  0
14  39  20  1
15  33  20  1
15  34  20  1
15  35  20  0
15  36  20  0
15  37  20  0
15  38  20  1
15  39  20  1
16  33  20  1
16  34  20  0
16  35  20  0
16  36  20  0
16  37  20  0
16  38  20  1
17  33  20  1
17  34  20  0
17  35  20  0
17  36  20  0
17  37  20  1
17  38  20  1
18  33  20  1
18  34  20  0
18  35  20  0
18  36  20  4
19  34  20  4
19  35  20  1
19  36  20  1
19  39  20  1
19  40  20  4
20  39  20  1
20  40  20  1
20  41  20  1
21  40  20  1
21  41  20  1
21  42  20  1
21  47  20  1
22  41  20  1
22  42  20  1
22  46  20  1
22  47  20  0
22  48  20  1
23  46  20  1
23  47  20  0
23  48  20  1
24  43  20  1
24  44  20  1
24  46  20  1
24  47  20  1
24  48  20  1
25  42  20  1
25  43  20  0
25  44  20  1
26  42  20  1
26  43  20  0
26  44  20  1
27  42  20  1
27  43  20  1
27  44  20  1
12  35  21  1
12  36  21  1
12  37  21  1
13  34  21  4
13  35  21  0
13  36  21  0
13  37  21  0
13  38  21  1
14  33  21  1
14  34  21  1
14  35  21  0
14  36  21  1
14  37  21  0
14  38  21  1
15  35  21  1
15  36  21  1
15  37  21  1
16  33  21  1
16  34  21  4
16  35  21  1
16  36  21  1
16  37  21  1
17  33  21  1
17  34  21  0
17  35  21  0
17  36  21  1
18  33  21  4
18  34  21  1
18  35  21  1
21  47  21  4
21  48  21  1
22  46  21  4
22  47  21  0
22  48  21  1
23  46  21  4
23  47  21  0
23  48  21  1
24  47  21  1
24  48  21  1
25  43  21  1
26  42  21  1
26  43  21  0
26  44  21  1
27  42  21  1
27  43  21  4
27  44  21  1
12  36  22  4
12  37  22  1
13  34  22  1
13  35  22  1
13  36  22  1
13  37  22  1
14  35  22  1
14  37  22  1
16  33  22  1
16  34  22  1
17  33  22  4
17  34  22  0
17  35  22  1
18  33  22  1
18  34  22  1
18  35  22  1
22  47  22  4
22  48  22  1
23  47  22  1
23  48  22  1
26  42  22  1
26  43  22  1
27  42  22  1
27  43  22  1
12  36  23  1
12  37  23  4
13  36  23  4
13  37  23  4
17  34  23  4
17  35  23  1
18  34  23  4
18  35  23  1
22  47  23  4
22  48  23  4
23  47  23  1
23  48  23  1
26  42  23  4
26  43  23  1
27  42  23  1
27  43  23  4
12  36  24  1
12  37  24  1
13  36  24  1
13  37  24  1
17  34  24  1
17  35  24  1
18  34  24  1
18  35  24  1
22  47  24  1
23  47  24  1
26  42  24  1
26  43  24  1
27  42  24  1
27  43  24  4
12  36  25  1
12  37  25  4
13  36  25  1
13  37  25  4
17  34  25  1
17  35  25  1
18  34  25  4
18  35  25  4
22  47  25  4
23  47  25  4
26  42  25  4
26  43  25  4
27  42  25  4
12  37  26  4
13  36  26  4
13  37  26  4
14  36  26  4
14  37  26  4
17  35  26  4
18  34  26  4
18  35  26  4
19  35  26  4
22  47  26  4
23  47  26  4
23  48  26  4
24  47  26  4
26  42  26  4
26  43  26  4
27  42  26  4
27  43  26  4
12  37  27  1
12  38  27  1
13  37  27  4
13  38  27  1
14  37  27  4
17  35  27  4
18  35  27  4
18  36  27  4
19  35  27  4
22  48  27  4
23  47  27  4
23  48  27  4
24  47  27  4
26  42  27  1
26  43  27  4
27  42  27  4
27  43  27  4
